12 1020
124 992
236 963
348 935
464 911
576 896
692 864
804 839
916 816
1028 796
1140 775
1252 768
1364 736
1476 711
1588 696
1708 671
1820 655
1932 639
2044 624
2156 608
2268 590
2380 575
2492 560
2604 543
2724 527
2836 513
2948 504
3060 487
3172 476
3284 463
3396 448
3508 440
3620 423
3740 415
3852 401
3964 391
4076 384
4188 371
4300 359
4412 352
4524 344
4636 335
4756 319
4868 316
4980 307
5092 295
5204 287
5316 284
5428 275
5540 255
5652 255
5772 255
5884 248
5996 240
6108 231
6220 227
6332 224
6444 216
6556 207
6668 206
6788 199
6900 193
7012 192
7124 184
7236 177
7348 176
7460 167
7572 163
7684 159
7800 156
7912 152
8024 147
8140 143
8252 140
8364 135
8476 127
8588 127
8700 127
8816 124
8928 120
9040 115
9152 112
9264 112
9380 103
9492 103
9604 99
9716 97
9832 96
9944 96
10056 92
10168 88
10280 88
10392 83
10504 79
10616 79
10732 78
10848 71
10960 71
11072 71
11184 67
11296 63
11408 63
11520 63
11632 63
11744 62
11864 60
11976 56
12088 56
12200 56
12312 56
12424 51
12536 49
12648 48
12760 48
12872 48
12992 46
13104 44
13216 39
13328 39
13440 39
13552 39
13664 39
13776 35
13888 35
14008 33
14120 31
14232 31
14344 31
14456 31
14568 31
14680 31
14792 30
14904 30
15024 28
15136 28
15248 28
15360 24
15472 24
15584 24
15696 24
15808 24
15920 24
16040 24
16152 24
16264 19
16376 19
16488 19
16600 17
16712 17
16824 15
16936 15
17056 15
17168 15
17280 15
17392 15
17504 15
17616 15
17728 15
17840 14
17952 14
18068 14
18180 14
18292 12
18408 12
18520 12
18632 7
18744 7
18856 7
18968 7
19084 7
19196 7
19308 7
19420 7
19532 7
19648 7
19760 7
19872 7
19984 7
20100 7
20212 7
20324 7
20436 7
20548 7
20660 7
20772 7
20884 7
21000 7
21116 3
21228 3
21340 3
21452 3
21564 3
21676 3
21788 3
21900 3
22012 3
22132 3
22244 3
22356 3
22468 3
22580 3
22692 3
22804 3
22916 3
23028 3
23148 3
23260 1
23372 1
23484 1
23596 1
23708 1
23820 1
23932 1
24044 1
24164 1
24276 1
24388 1
24500 1
24612 1
24724 1
24836 1
24948 0
25060 1
25180 0
25292 0
25404 0
25516 0
25628 0
25740 0
25852 0
25964 0
26076 0
26196 0
26308 0
26420 0
26532 0
26644 0
26756 0
26868 0
26980 0
27092 0
27204 0
27320 0
27432 0
27544 0
27656 0
27768 0
27880 0
27992 0
28104 0
