48 824
84 750
122 679
158 616
195 558
231 507
267 459
304 417
340 379
376 343
413 310
449 281
486 253
522 228
558 207
595 186
631 168
668 151
704 139
740 122
777 109
813 98
849 86
886 76
922 67
959 59
995 52
1031 45
1068 38
1104 34
1142 28
1178 23
1214 21
1251 14
1287 12
1324 9
1360 6
1396 23
1433 108
1469 186
1505 256
1542 319
1578 377
1615 431
1651 481
1687 523
1724 563
1760 600
1796 633
1833 664
1869 692
1906 717
1942 740
1978 762
2015 780
2051 799
2088 814
2125 829
2161 842
2198 854
2234 865
2271 875
2307 884
2343 893
2380 900
2416 907
2452 914
2489 921
2525 924
2562 929
2598 934
2634 937
2671 941
2707 944
2744 948
2780 926
2816 841
2853 765
2889 695
2925 631
2962 573
2998 520
3035 470
3071 429
3108 388
3145 350
3181 317
3218 288
3254 260
3290 232
3327 212
3363 191
3400 172
3436 155
3472 136
3509 124
3545 112
3581 99
3618 87
3654 78
3691 68
3727 62
3763 53
3800 46
3836 40
3872 34
3909 28
3945 26
3982 18
4018 15
4054 12
4091 7
4128 6
4165 4
4201 90
4237 169
4274 241
4310 307
4347 365
4383 420
4419 470
4456 515
4492 556
4528 592
4565 627
4601 655
4638 686
4674 711
4710 736
4747 757
4783 777
4819 795
4856 810
4892 825
4929 838
4965 850
5001 862
5038 871
5074 885
5112 888
5148 895
5184 905
5221 911
5257 917
5294 922
5330 928
5366 932
5403 937
5439 940
5475 943
5512 946
5548 955
5585 860
5621 783
5657 709
5694 645
5730 585
5767 531
5803 481
5839 436
5876 395
5912 360
5948 324
5985 294
6021 265
6058 241
6094 216
6131 197
6168 175
6204 159
6241 141
6277 126
6313 113
6350 102
6386 90
6423 80
6459 70
6495 63
6532 54
6568 48
6604 41
6641 35
6677 29
6714 25
6750 21
6786 17
6823 5
6859 10
6895 6
6932 3
6968 69
7005 151
7041 224
7077 291
7115 354
7151 408
7188 459
7224 503
7260 547
7297 585
7333 620
7370 651
7406 680
7442 706
7479 731
7515 752
7551 772
7588 792
7624 807
7661 822
7697 836
7733 848
7770 860
7806 870
7843 879
7879 883
7915 897
7952 903
7988 911
8024 915
8061 920
8097 927
8135 931
8171 935
8207 940
8244 942
8280 945
8317 948
8353 879
8389 798
8426 725
8462 660
8498 597
8535 549
8571 493
8608 445
8644 406
8680 366
8717 332
8753 301
8790 272
8826 246
8862 224
8899 199
8935 180
8971 162
9008 146
9044 131
9081 118
9118 104
9154 93
9191 82
9227 75
9264 65
9300 57
9336 51
