47 899
84 867
120 832
156 801
193 764
229 733
266 699
303 665
339 633
376 602
412 571
449 540
485 509
521 480
558 449
594 420
631 391
667 361
703 332
740 304
776 277
812 248
849 220
885 194
922 167
958 140
994 111
1031 88
1067 62
1103 35
1140 12
1176 8
1213 45
1249 80
1287 115
1323 149
1359 181
1396 215
1432 249
1468 282
1505 313
1541 344
1578 375
1614 408
1650 439
1687 469
1723 499
1759 530
1796 558
1832 587
1869 616
1905 645
1941 674
1978 700
2014 728
2051 757
2087 784
2123 809
2160 837
2196 864
2232 889
2269 914
2306 941
2343 932
2379 896
2415 862
2452 827
2488 794
2525 762
2561 728
2597 694
2634 665
2670 631
2707 597
2743 570
2779 537
2816 507
2852 477
2888 447
2925 417
2961 387
2998 360
3034 331
3070 303
3107 273
3143 247
3179 219
3216 193
3252 164
3290 137
3326 116
3363 85
3399 59
3435 35
3472 8
3508 12
3544 48
3581 82
3617 117
3654 152
3690 185
3726 219
3763 251
3799 283
3835 314
3872 347
3908 379
3945 409
3981 440
4017 473
4054 501
4090 530
4127 560
4163 588
4199 619
4236 647
4272 676
4310 704
4346 730
4382 759
4419 786
4455 813
4491 838
4528 865
4564 891
4601 916
4637 943
4673 929
4710 894
4746 858
4782 826
4819 791
4855 759
4892 726
4928 693
4964 660
5001 629
5037 595
5074 566
5110 535
5146 504
5183 475
5219 445
5255 416
5293 386
5329 356
5366 326
5402 298
5438 272
5475 242
5511 215
5548 188
5584 162
5620 135
5657 115
5693 82
5730 59
5766 32
5802 7
5839 14
5875 52
5911 84
5948 120
5984 150
6021 187
6057 220
6093 253
6130 284
6166 319
6202 348
6239 384
6275 412
6313 443
6349 474
6386 503
6422 534
6458 561
6495 593
6531 621
6567 646
6604 677
6640 705
6677 733
6713 760
6749 789
6786 814
6822 841
6858 867
6895 893
6931 919
6968 944
7004 927
7040 892
7077 858
7113 825
7150 789
7186 757
7222 724
7259 691
7296 658
7333 627
7369 593
7405 561
7442 532
7478 502
7514 471
7551 442
7587 413
7624 384
7660 354
7696 325
7733 298
7769 270
7806 241
7842 216
7878 186
7915 161
7951 134
7987 108
8024 81
8060 55
8097 30
8133 6
8169 17
8206 53
8242 85
8278 123
8316 156
8352 190
8389 224
8425 256
8462 289
8498 321
8534 350
8571 384
8607 415
8643 446
8680 476
8716 506
8753 536
8789 566
8825 593
8862 624
8898 652
8934 680
8971 708
9007 735
9044 763
9080 791
9116 816
9153 843
9189 867
9226 895
9262 920
9299 946
9336 925
