47 827
114 698
180 586
246 494
313 417
379 352
446 301
512 251
579 208
646 175
712 148
779 124
845 104
911 87
978 72
1044 61
1110 50
1177 40
1243 35
1310 29
1376 24
1442 18
1509 14
1576 10
1643 8
1709 6
1775 6
1842 2
1908 134
1975 263
2041 370
2107 461
2174 539
2240 604
2306 659
2373 706
2439 744
2506 777
2573 805
2640 829
2706 849
2772 864
2839 878
2905 892
2971 901
3038 910
3104 918
3171 923
3237 930
3303 935
3370 937
3436 941
3502 943
3570 944
3636 947
3703 909
3769 762
3836 646
3902 547
3968 457
4035 385
4101 326
4167 273
4234 231
4300 192
4367 163
4433 137
4499 116
4567 95
4633 80
4700 68
4766 56
4832 46
4899 37
4965 29
5032 25
5098 20
5164 16
5231 13
5297 11
5363 8
5430 5
5496 6
5564 52
5630 194
5696 314
5763 413
5829 499
5896 569
5962 630
6028 679
6095 723
6161 759
6228 789
6294 816
6360 838
6427 856
6493 872
6561 885
6627 897
6693 905
6760 914
6826 920
6892 928
6959 931
7025 935
7092 938
7158 940
7224 943
7291 946
7357 948
7424 847
7490 715
7557 600
7624 507
7690 426
7757 359
7823 303
7889 255
7956 214
8022 180
8088 152
8155 128
8221 108
8288 84
8354 74
8420 61
8487 53
8554 42
8621 35
8687 29
8753 23
8820 18
8886 15
8953 12
9019 8
9085 8
9152 3
9218 2
9284 114
9351 246
9417 357
9484 450
9551 529
9618 596
9684 652
9750 699
9817 739
9883 773
9949 803
10016 825
10082 845
10149 865
10215 877
10281 890
10348 902
10414 909
10480 917
10548 923
10614 929
10681 933
10747 937
10814 940
10880 944
10946 942
11013 948
11079 935
11145 788
11212 663
11278 561
11345 472
11411 397
11477 334
11544 281
11611 236
11678 201
11744 167
11810 139
11877 118
11943 99
12010 83
12076 68
12142 57
12209 47
12275 38
12341 33
12408 26
12474 21
12541 17
12608 13
12675 9
12741 7
12807 5
12874 4
12940 26
13006 173
13073 295
13139 399
13206 485
13272 559
13338 621
13405 674
13471 717
13537 754
13605 785
13671 812
13738 835
13804 852
13870 870
13937 883
14003 895
14070 904
14136 919
14202 920
14269 926
14335 930
14402 933
14468 938
14534 942
14602 943
14668 946
14735 947
14801 870
14867 733
14934 617
15000 521
15066 439
15133 370
15199 310
15266 263
15332 220
15398 185
15465 157
15531 131
15599 108
15665 91
15731 74
15798 62
15864 53
15931 44
15997 36
16063 29
16130 23
16196 18
16262 16
16329 10
16395 9
16462 7
16528 6
16596 4
16662 91
16728 226
16795 340
16861 437
16927 518
16994 586
