48 737
74 708
102 681
128 653
155 626
181 599
207 574
234 547
260 522
286 494
313 472
339 445
366 425
392 394
418 369
445 345
471 321
497 297
524 274
550 249
577 224
603 202
629 181
656 170
682 196
709 225
735 253
761 280
788 307
814 332
840 360
867 386
893 413
920 437
946 465
972 489
999 515
1025 540
1051 566
1078 589
1105 615
1132 640
1158 664
1184 688
1211 711
1237 735
1264 759
1290 783
1316 774
1343 744
1369 716
1396 691
1422 663
1448 638
1475 609
1501 583
1527 557
1554 531
1580 505
1607 480
1633 454
1659 429
1686 406
1712 380
1738 356
1765 332
1791 307
1818 285
1844 259
1870 236
1897 210
1923 189
1950 165
1976 183
2002 212
2029 242
2055 269
2081 296
2109 325
2135 351
2162 377
2188 400
2215 430
2241 455
2267 481
2294 507
2320 531
2346 557
2373 581
2399 607
2426 630
2452 654
2478 679
2505 703
2531 725
2557 751
2584 773
2610 783
2637 755
2663 729
2689 699
2716 675
2742 649
2769 620
2795 592
2821 566
2848 540
2874 514
2900 489
2927 464
2953 438
2980 414
3006 388
3032 365
3059 342
3085 315
3113 291
3139 267
3165 242
3192 220
3218 195
3245 173
3271 175
3297 204
3324 237
3350 261
3376 286
3403 313
3429 340
3456 367
3482 394
3508 422
3535 446
3561 471
3587 496
3614 522
3640 548
3667 572
3693 598
3719 620
3746 644
3772 668
3799 694
3825 718
3851 741
3878 764
3904 787
3930 765
3957 739
3983 711
4010 684
4036 657
4062 629
4090 602
4116 576
4143 551
4169 524
4195 498
4222 473
4248 448
4275 423
4301 397
4327 376
4354 349
4380 325
4406 302
4433 277
4459 252
4486 229
4512 209
4538 182
4565 164
4591 193
4617 221
4644 250
4670 277
4697 302
4723 328
4749 357
4776 385
4802 408
4829 435
4855 460
4881 486
4908 512
4934 537
4960 561
4987 587
5013 611
5040 635
5066 661
5093 686
5120 709
5146 732
5173 755
5199 781
5225 777
5252 748
5278 720
5305 694
5331 667
5357 639
5384 613
5410 586
5436 559
5463 535
5489 509
5516 483
5542 458
5568 432
5595 408
5621 383
5647 357
5674 333
5700 310
5727 286
5753 262
5779 239
5806 213
5832 191
5859 169
5885 179
5911 211
5938 238
5964 265
5990 292
6017 320
6043 346
6070 373
6097 400
6123 426
6150 452
6176 478
6203 503
6229 527
6255 553
6282 578
6308 603
6334 629
6361 651
6387 675
6414 699
6440 723
6466 747
6493 768
6519 787
6546 763
6572 732
6598 705
6625 677
6651 648
6677 624
6704 596
6730 569
6757 543
6783 519
