47 563
64 541
80 522
97 495
113 474
129 454
146 434
162 416
179 397
195 380
211 363
228 348
244 332
260 319
277 305
293 323
310 350
326 377
342 400
359 425
375 447
391 469
408 491
424 509
441 530
457 547
473 564
490 582
506 597
523 612
539 628
555 643
572 639
588 610
604 586
621 561
637 537
654 514
670 491
686 470
703 451
719 432
735 414
752 394
768 379
785 361
802 344
819 330
835 316
851 302
868 333
884 356
900 382
917 406
933 429
950 453
966 474
982 495
999 513
1015 527
1031 550
1048 566
1064 585
1081 599
1097 617
1113 631
1130 645
1146 633
1163 610
1179 580
1195 555
1212 531
1228 508
1244 486
1261 465
1277 445
1294 427
1310 407
1326 390
1343 372
1359 358
1375 340
1392 328
1408 313
1425 306
1441 334
1457 360
1474 386
1490 411
1507 432
1523 457
1539 477
1556 497
1572 517
1588 535
1605 556
1621 571
1638 588
1654 603
1670 618
1687 634
1703 648
1719 629
1736 601
1752 576
1769 548
1785 528
1802 503
1819 483
1835 461
1852 441
1868 422
1884 406
1901 387
1917 372
1934 354
1950 339
1966 324
1983 310
1999 312
2015 338
2032 367
2048 392
2065 416
2081 439
2097 459
2114 482
2130 502
2146 522
2163 539
2179 556
2196 574
2212 594
2228 608
2245 624
2261 636
2278 650
2294 621
2310 595
2327 570
2343 546
2359 522
2376 501
2392 475
2409 458
2425 437
2441 420
2458 400
2474 384
2490 367
2507 352
2523 337
2540 322
2556 307
2572 317
2589 345
2605 370
2622 395
2638 420
2654 442
2671 462
2687 485
2703 506
2720 525
2736 544
2753 560
2769 578
2785 593
2803 610
2819 621
2836 640
2852 644
2868 616
2885 589
2901 565
2918 540
2934 517
2950 495
2967 475
2983 456
2999 433
3016 414
3032 396
3049 381
3065 364
3081 349
3098 333
3114 318
3130 304
3147 324
3163 351
3180 375
3196 400
3212 420
3229 447
3245 470
3262 489
3278 509
3294 528
3311 547
3327 564
3343 579
3360 598
3376 612
3393 626
3409 641
3425 638
3442 612
3458 585
3474 560
3491 536
3507 513
3524 492
3540 472
3556 450
3573 432
3589 414
3606 395
3622 377
3638 362
3655 346
3671 329
3687 316
3704 303
3720 327
3737 354
3753 380
3769 405
3786 427
3803 451
3820 473
3836 493
3852 515
3869 533
3885 551
3901 568
3918 585
3934 600
3951 617
3967 631
3983 648
4000 633
4016 604
4033 579
4049 553
4065 531
4082 508
4098 487
4114 465
4131 446
4147 427
4164 409
4180 390
4196 374
4213 358
4229 343
