47 694
134 591
220 510
307 446
393 394
479 351
567 317
653 290
740 270
826 249
912 235
999 224
1085 216
1172 210
1258 200
1344 199
1431 193
1518 190
1605 187
1691 186
1777 184
1864 183
1950 181
2036 182
2123 181
2209 180
2296 179
2382 178
2468 178
2556 180
2642 179
2729 180
2815 179
2901 176
2988 177
3074 178
3161 180
3247 179
3333 175
3420 176
3507 177
3594 176
3680 176
3766 177
3853 176
3939 256
4026 357
4112 439
4198 504
4285 557
4371 599
4457 632
4545 660
4631 682
4718 701
4804 714
4890 725
4977 735
5063 742
5150 747
5236 751
5322 757
5409 759
5495 760
5583 764
5669 765
5755 763
5842 768
5928 768
6015 770
6101 771
6187 771
6274 771
6360 771
6446 771
6534 771
6620 773
6707 771
6793 772
6879 771
6966 771
7052 772
7139 772
7225 772
7311 772
7398 772
7484 772
7572 772
7658 774
7744 720
7831 612
7917 529
8004 456
8090 404
8176 358
8263 324
8349 296
8435 273
8523 253
8609 240
8696 227
8782 216
8869 208
8955 202
9041 201
9128 194
9214 191
9300 188
9387 187
9473 184
9561 183
9647 182
9733 182
9820 180
9906 179
9993 180
10079 178
10165 179
10252 178
10338 178
10425 176
10512 177
10598 178
10685 177
10771 178
10858 177
10944 178
11030 178
11117 178
11203 178
11289 180
11376 177
11462 177
11550 176
11636 228
11723 337
11809 422
11895 490
11982 545
12068 589
12154 626
12241 655
12327 677
12414 696
12501 712
12587 724
12674 730
12760 739
12847 745
12933 752
13019 756
13106 759
13192 763
13278 762
13365 765
13451 767
13539 766
13625 769
13712 769
13798 770
13884 770
13971 770
14057 771
14143 771
14230 771
14316 772
14403 772
14489 772
14576 772
14663 772
14749 771
14836 772
14922 773
15008 771
15095 772
15181 773
15268 773
15354 773
15440 745
15528 633
15614 543
15701 473
15787 415
15873 368
15960 331
16046 301
16132 277
16219 258
16305 243
16392 229
16478 220
16566 211
16652 204
16738 198
16825 194
16911 189
16997 189
17084 186
17170 185
17257 183
17343 183
17429 181
17517 182
17603 178
17690 179
17776 179
17862 179
17949 178
18035 180
18122 179
18208 178
18294 177
18381 178
18467 179
18555 177
18641 178
18727 178
18814 177
18900 177
18986 182
19073 178
19159 178
19246 177
19332 203
19418 317
19506 407
19592 477
19679 535
19765 583
19851 620
19938 649
20024 672
20111 693
20197 708
20283 721
20370 730
20456 739
20544 746
20630 751
20716 754
20803 757
20889 761
20976 762
21062 765
21148 767
21235 766
21321 768
21407 771
21494 769
21581 770
21668 771
21754 770
21840 771
21927 771
22013 772
22100 773
