47 618
174 602
300 587
426 573
553 559
679 542
806 532
933 521
1059 503
1186 495
1312 482
1439 471
1565 461
1691 452
1818 440
1945 432
2072 422
2198 416
2324 405
2451 395
2577 390
2704 381
2830 374
2957 367
3084 360
3210 354
3337 346
3463 341
3589 335
3716 332
3842 325
3970 318
4096 330
4222 345
4349 362
4475 375
4602 387
4728 403
4854 418
4982 431
5108 444
5235 454
5361 465
5487 477
5614 487
5740 497
5868 505
5994 517
6120 527
6247 534
6373 543
6500 550
6626 558
6752 567
6880 573
7006 582
7133 588
7259 595
7385 601
7512 606
7638 613
7764 618
7892 625
8018 613
8145 596
8271 583
8397 567
8524 552
8650 540
8777 527
8904 513
9031 502
9157 488
9283 479
9410 462
9536 460
9662 447
9789 438
9916 429
10043 418
10169 411
10295 402
10422 394
10548 389
10675 378
10801 372
10928 363
11055 358
11181 351
11308 345
11434 339
11560 333
11687 326
11813 321
11941 320
12067 336
12193 352
12320 367
12446 381
12573 396
12699 408
12825 422
12953 435
13079 444
13206 459
13332 471
13458 480
13585 491
13711 501
13838 511
13965 521
14091 529
14218 539
14344 545
14471 553
14597 561
14723 569
14850 578
14977 584
15104 590
15230 596
15356 602
15483 611
15609 615
15735 622
15862 623
15989 606
16116 591
16242 577
16369 562
16495 550
16621 534
16748 521
16875 509
17002 496
17128 486
17254 474
17381 463
17507 454
17634 443
17760 434
17887 424
18014 417
18140 407
18267 397
18393 391
18519 384
18646 375
18772 368
18900 356
19026 356
19152 350
19279 342
19405 335
19532 331
19658 325
19784 320
19912 327
20038 344
20165 360
20291 373
20417 388
20544 400
20670 416
20796 427
20924 440
21050 450
21177 463
21303 473
21430 484
21556 496
21682 504
21809 516
21936 528
22063 532
22189 542
22315 549
22442 559
22568 566
22694 572
22821 581
22948 587
23075 592
23201 599
23327 605
23454 612
23580 617
23707 624
23833 617
23961 599
24087 585
24213 570
24340 556
24466 542
24592 530
24719 518
24845 507
24973 492
25099 481
25225 469
25352 461
25478 449
25605 440
25731 431
25857 419
25985 412
26111 404
26238 394
26364 387
26490 379
26617 373
26743 366
26871 359
26997 352
27123 347
27250 340
27376 330
27503 327
27629 322
27755 317
27883 333
28009 350
28136 365
28262 378
28388 394
28515 406
28641 420
28768 431
28895 442
29021 457
29148 468
29274 478
29401 489
29527 499
29653 509
29780 518
29907 527
30034 536
30160 544
30286 551
30413 561
30539 568
30666 578
30792 582
30919 588
31046 595
31172 602
31299 607
31425 613
31551 620
31678 625
31804 610
31932 595
32058 580
32184 564
32311 551
