48 802
74 737
100 678
127 622
153 570
179 521
206 476
232 433
259 394
285 356
311 322
338 290
364 258
391 229
417 204
443 178
470 156
496 135
522 114
549 96
575 77
602 63
628 46
654 33
681 17
707 66
733 133
761 203
787 264
814 323
840 374
867 426
893 470
919 514
946 555
972 593
998 628
1025 662
1051 693
1078 722
1104 750
1130 774
1157 798
1183 819
1209 841
1236 861
1262 879
1289 897
1315 912
1341 928
1368 939
1394 908
1421 837
1447 773
1473 709
1500 651
1526 597
1552 547
1579 498
1605 456
1632 421
1658 376
1684 340
1711 305
1737 273
1765 246
1791 216
1817 190
1844 166
1870 144
1896 124
1923 104
1949 84
1976 67
2002 47
2028 37
2055 24
2081 29
2108 101
2134 169
2160 234
2187 292
2213 347
2239 399
2266 448
2292 494
2319 535
2345 575
2371 609
2398 647
2424 679
2450 709
2477 735
2503 762
2530 786
2556 810
2582 831
2609 849
2635 869
2662 887
2688 903
2714 919
2742 935
2768 944
2795 869
2821 800
2847 737
2874 677
2900 620
2926 568
2953 523
2979 473
3006 432
3032 393
3058 355
3085 321
3111 289
3138 257
3164 230
3190 204
3217 178
3243 155
3269 129
3296 114
3322 95
3349 77
3375 60
3401 45
3428 31
3454 16
3480 64
3507 135
3533 201
3560 261
3586 318
3612 372
3639 422
3665 469
3692 513
3718 553
3745 594
3772 629
3798 664
3825 693
3851 722
3877 750
3904 778
3930 798
3956 823
3983 844
4009 861
4036 879
4062 896
4088 912
4115 926
4141 940
4168 907
4194 835
4220 769
4247 707
4273 649
4299 596
4326 546
4352 498
4379 452
4405 414
4431 374
4458 338
4484 305
4510 274
4537 243
4563 217
4590 192
4616 166
4642 143
4669 124
4695 103
4722 85
4749 68
4775 51
4802 37
4828 21
4855 30
4881 102
4907 171
4934 233
4960 292
4986 349
5013 400
5039 449
5066 493
5092 535
5118 575
5145 610
5171 645
5198 677
5224 708
5250 735
5277 762
5303 787
5329 809
5356 832
5382 849
5409 869
5435 887
5461 904
5488 919
5514 934
5540 931
5567 869
5593 803
5620 737
5646 681
5672 624
5699 570
5725 522
5753 473
5779 430
5805 392
5832 354
5858 319
5885 288
5911 257
5937 230
5964 203
5990 178
6016 154
6043 133
6069 112
6096 93
6122 76
6148 60
6175 44
6201 30
6227 14
6254 66
6280 136
6307 201
6333 263
6359 320
6386 372
6412 424
6439 470
6465 513
6491 557
6518 595
6544 628
6570 662
6597 694
6623 722
6650 750
6676 775
6702 798
6729 821
6756 841
6783 861
