48 808
84 731
120 660
157 598
193 539
230 484
266 436
302 385
339 352
375 315
411 281
448 250
484 223
521 197
557 170
594 152
631 130
667 117
704 99
740 83
776 70
813 56
849 47
886 37
922 26
958 18
995 10
1031 101
1067 182
1104 258
1140 325
1177 385
1213 444
1249 495
1286 540
1322 582
1358 616
1395 657
1431 691
1468 718
1504 748
1540 771
1578 796
1614 814
1651 834
1687 851
1723 866
1760 880
1796 893
1833 904
1869 915
1905 925
1942 935
1978 942
2014 891
2051 805
2087 730
2124 657
2160 596
2196 536
2233 483
2269 434
2306 394
2342 350
2378 313
2415 281
2451 248
2487 220
2524 197
2560 173
2598 149
2634 132
2670 114
2707 98
2743 83
2780 68
2816 58
2852 45
2889 35
2925 27
2962 18
2998 10
3034 103
3071 186
3107 259
3143 327
3180 387
3216 444
3253 497
3289 542
3325 589
3362 623
3398 659
3434 691
3471 719
3507 747
3544 771
3581 798
3618 815
3654 833
3690 850
3727 866
3763 881
3799 894
3836 906
3872 916
3909 926
3945 935
3981 942
4018 888
4054 803
4090 727
4127 657
4163 594
4200 535
4236 481
4272 433
4309 393
4345 349
4382 311
4418 276
4454 249
4491 223
4527 195
4563 173
4601 151
4637 128
4674 114
4710 99
4746 82
4783 78
4819 58
4856 46
4892 34
4928 27
4965 19
5001 11
5037 106
5074 187
5110 262
5147 329
5183 390
5219 447
5256 497
5292 544
5329 587
5365 624
5401 658
5438 693
5474 721
5510 748
5547 774
5584 796
5621 817
5657 835
5693 852
5730 867
5766 881
5803 895
5839 906
5875 917
5912 926
5948 935
5985 943
6021 885
6057 801
6094 723
6130 654
6166 588
6203 533
6239 479
6276 431
6312 388
6348 347
6385 311
6421 279
6457 247
6494 219
6530 194
6567 170
6604 152
6641 132
6677 112
6713 97
6750 82
6786 69
6822 58
6859 46
6895 36
6932 26
6968 18
7004 10
7041 117
7077 190
7113 264
7150 331
7186 395
7223 448
7259 500
7295 540
7332 586
7368 628
7405 661
7441 693
7477 722
7514 750
7550 774
7588 798
7624 817
7660 836
7697 853
7733 867
7769 882
7806 891
7842 906
7879 916
7915 927
7951 935
7988 943
8024 881
8061 797
8097 721
8133 655
8170 587
8206 533
8242 476
8279 431
8315 386
8352 346
8388 311
8424 277
8461 245
8497 219
8533 192
8570 170
8607 148
8644 128
8680 111
8716 97
8753 81
8789 68
8826 57
8862 45
8898 34
8935 28
8971 18
9008 26
9044 113
9080 194
9117 267
9153 335
9189 396
9226 451
9262 502
9299 547
9335 591
