2 536
145 420
251 329
358 259
464 217
570 221
677 264
783 331
890 426
1050 581
1157 693
1263 786
1370 862
1476 904
1582 912
1689 894
1795 846
1902 767
2009 666
2115 556
2222 467
2328 379
2435 309
2541 269
2647 258
2754 286
2860 345
2968 424
3074 512
3181 616
3287 705
3393 788
3500 845
3606 874
3713 875
3819 841
3927 780
4033 704
4139 618
4246 524
4352 435
4458 358
4565 314
4671 289
4778 294
4884 332
4992 398
5098 477
5204 559
5311 650
5417 730
5524 793
5630 838
5736 858
5843 843
5950 811
6057 751
6163 672
6270 589
6376 509
6482 428
6589 371
6695 327
6801 316
6908 333
7015 369
7122 429
7228 510
7335 582
7441 663
7547 734
7654 786
7760 823
7867 823
7974 810
8081 767
8187 711
8293 636
8400 551
8506 474
8613 417
8719 368
8825 343
8933 342
9039 347
9146 401
9252 461
9358 541
9465 614
9571 683
9678 743
9784 784
9890 804
9998 802
10104 782
10211 736
10317 678
10424 608
10530 538
10636 475
10743 418
10849 383
10957 366
11063 376
11169 397
11276 442
11382 492
11489 561
11595 633
11701 695
11808 748
11914 765
12022 782
12128 768
12234 741
12341 696
12447 638
12554 571
12660 516
12766 455
12873 421
12980 394
13087 379
13193 396
13300 427
13406 475
13512 536
13619 600
13725 656
13832 703
13939 743
14046 766
14152 771
14258 746
14365 719
14471 674
14577 618
14684 563
14790 501
14897 458
15004 424
15111 412
15217 410
15323 426
15430 455
15536 501
15643 555
15749 607
15855 662
15963 697
16069 727
16176 741
16282 743
16389 715
16495 686
16601 640
16708 591
16814 545
16922 495
17028 462
17134 429
17241 420
17347 426
17454 445
17560 479
17666 519
17773 568
17879 612
17987 659
18093 701
18200 719
18306 726
18412 721
18519 700
18625 667
18732 633
18838 574
18945 535
19052 496
19158 462
19265 448
19371 440
19477 452
19584 471
19690 503
19797 547
19903 586
20011 622
20117 665
20223 686
20330 709
20436 707
20543 695
20649 678
20755 643
20862 622
20969 560
21076 524
21182 486
21288 465
21395 450
21501 450
21608 470
21714 483
21820 521
21928 557
22034 596
22141 634
22247 682
22354 690
22460 703
22566 704
22673 688
22779 666
22886 621
22993 590
23100 555
23206 520
23312 499
23419 469
23525 462
23631 466
23738 482
23844 506
23952 545
24058 570
24165 608
24271 642
24377 668
24484 688
24590 686
24697 688
24803 665
24909 642
25017 610
25123 572
25230 537
25336 514
25443 489
25549 476
25655 478
25762 438
25868 497
25976 522
26082 554
26188 585
26295 615
26401 637
26508 657
26614 677
26720 675
26827 668
26934 644
27041 624
27147 596
27254 566
27360 538
27466 511
27573 498
27679 491
27786 492
27892 505
27999 527
28106 538
28212 564
28319 600
28425 625
28531 652
28638 650
28744 663
28851 658
28958 647
29065 633
29171 604
29277 575
29384 556
29490 532
29597 613
29703 651
29809 654
29917 659
30023 649
30130 639
30236 634
30342 623
30449 618
30555 615
30662 610
30768 611
30874 604
31025 612
31132 607
31238 603
31344 611
31451 600
31557 603
31663 602
31770 604
31876 605
32028 590
32135 596
32241 596
32347 598
32454 598
32560 590
32667 591
32773 595
32879 593
32987 592
33093 588
33200 586
33306 588
33413 595
33519 592
33625 588
33732 586
33838 585
33946 591
34052 591
34158 588
34265 583
34371 587
34478 584
34584 591
34690 590
34797 587
34903 589
35011 585
35117 585
35224 601
35330 602
35436 595
35543 592
35649 589
35756 594
35862 596
35969 590
36076 589
36182 588
36289 595
36395 591
36501 596
36608 589
36714 591
36821 589
36928 587
37035 589
37141 585
37247 589
37354 589
37460 589
37567 590
37673 588
37779 588
37886 585
37993 584
38100 586
38206 590
38312 590
38419 588
38525 586
38632 582
38738 588
38844 580
38952 581
39058 587
39165 579
39271 584
39378 588
39484 579
39590 600
39697 596
39803 595
39910 599
40017 588
40124 592
40230 592
40336 592
40443 593
40549 589
40655 587
40762 592
40868 589
40976 588
41082 593
41189 588
41295 590
41401 590
41508 589
41614 589
41721 585
41827 588
41935 585
42041 587
42147 586
42254 589
42360 581
42467 584
42573 586
42679 588
42786 587
42892 588
43000 583
43106 582
43212 583
43319 581
43425 581
43532 589
43638 581
43744 583
43851 582
43958 595
44065 588
44171 592
44278 592
44384 592
44490 591
44597 589
44703 588
44810 591
44917 590
45023 595
45130 591
45236 587
45343 586
45449 589
45555 587
45662 591
45768 580
45875 588
46025 587
46132 590
46238 571
46345 580
46451 586
46557 586
46664 585
46770 585
46877 580
46984 585
47090 583
47197 584
47303 587
47410 584
47516 588
47622 586
47729 586
47835 585
47943 579
48049 577
48156 586
48262 582
48368 601
48475 597
48581 590
48688 593
48794 592
48900 592
49008 593
49114 591
49221 591
49327 591
49433 589
49540 591
49646 594
49753 584
49859 591
49967 581
50073 587
50179 590
50286 586
50392 588
50499 584
50605 583
50711 583
50818 587
50925 582
51032 593
51138 585
51245 582
51351 588
51457 584
51564 585
51670 591
51776 584
51883 583
51990 590
52097 580
52203 587
52310 588
52416 581
52522 605
52629 587
52735 591
52842 594
52949 598
53056 591
53162 594
53268 586
53375 589
53481 593
53588 596
53694 588
53800 584
53907 592
54014 590
54121 591
54227 594
54333 587
54440 588
54546 590
54653 586
54759 592
54865 587
54973 585
55079 590
55186 588
55292 589
55399 591
55505 582
55611 579
55718 586
55824 586
55932 586
56038 583
56144 583
56251 585
56357 584
56464 587
56570 587
56676 579
56783 582
56889 595
56997 595
57103 591
57210 592
57316 593
57422 592
57529 593
57635 596
57742 593
57848 584
57956 595
58062 587
58168 592
58275 595
58381 586
58487 586
58594 589
58700 587
58807 589
58913 598
59021 584
59127 588
59233 587
59340 588
59446 587
59553 526
59659 416
59765 324
59872 259
59979 223
60086 229
60192 266
60299 337
60405 426
60511 534
60618 640
60724 737
60830 829
60938 868
61044 909
61151 900
61257 863
61364 797
61470 704
61576 606
61683 497
61789 402
61896 320
62003 283
62110 264
62216 276
62322 327
62429 391
62535 486
62642 582
62748 675
62854 764
62962 821
63068 870
63175 880
63281 864
63387 812
63494 745
63600 650
63707 558
63813 464
63921 389
64027 332
64133 290
64240 288
64346 313
64453 362
64559 435
64665 516
64772 605
64878 694
64986 765
65092 819
65198 844
65305 841
65411 817
65518 786
65624 709
65730 626
65837 539
65944 453
66051 395
66157 351
66264 324
66370 334
66476 352
66583 408
66689 476
66796 557
66902 633
67010 702
67116 758
67222 806
67329 825
67435 817
67541 780
67648 726
67754 668
67861 593
67968 518
68075 448
68181 392
68287 358
68394 348
68500 357
68607 389
68713 438
68819 495
68927 576
69033 644
69140 711
69246 761
69353 786
69459 797
69565 781
69672 747
69778 697
69884 637
69992 571
70098 503
70205 444
70311 401
70418 382
70524 372
70630 394
70737 434
70843 483
70951 545
71057 603
71164 670
71270 722
71376 763
71483 781
71589 777
71696 752
71802 719
71908 665
72016 603
72122 542
72229 480
72335 432
72441 404
72548 384
72654 392
72761 411
72867 452
72975 507
73081 561
73187 627
73294 679
73400 716
73507 748
73613 758
73719 752
73826 730
73933 686
74040 628
74146 591
74252 535
74359 481
74465 441
74572 411
74678 410
74784 419
74891 442
74998 485
75105 529
75211 587
75318 642
75424 676
75530 723
75637 743
75743 732
75850 725
75957 700
76064 664
76170 614
76276 563
76383 517
76489 473
76595 444
76702 425
76808 426
76915 444
77022 471
77129 509
77235 553
77341 603
77448 637
77554 678
77661 703
77767 722
77873 722
77981 696
78087 666
78194 629
78300 590
78406 546
78513 513
78619 477
78726 454
78832 446
78940 451
79046 473
79152 493
79259 535
79365 573
79472 620
79578 655
79684 682
79791 705
79897 711
80005 704
80111 685
80218 666
80324 615
80430 578
80537 539
80643 503
80749 481
80856 456
80963 446
81070 460
81176 480
81283 511
81389 542
81495 580
81602 622
81708 653
81815 672
81922 693
82029 687
82135 677
82241 662
82348 636
82454 602
82561 521
82667 524
82773 512
82880 485
82987 473
83094 475
83200 477
83306 501
83413 528
83519 562
83626 599
83732 630
83838 654
83946 676
84052 682
84159 681
84265 673
84372 644
84478 623
84584 584
84691 557
84797 528
84904 499
85011 485
85117 478
85224 478
85330 495
85437 516
85543 537
85649 574
85756 606
85862 629
85970 658
86076 664
86183 671
86289 666
86395 655
86502 628
86608 595
86715 572
86821 534
86929 516
87035 491
87141 499
87248 489
87354 500
87460 509
87567 540
87673 562
87780 588
87886 619
87994 640
88100 659
88206 667
88313 665
88419 656
88526 642
88632 622
88738 596
88845 568
88952 535
89059 587
89165 642
89272 660
89378 666
89484 654
89591 647
89697 644
89803 632
89910 628
90017 621
90124 610
90230 613
90337 611
90443 607
90549 606
90656 598
90762 608
90869 597
91015 595
91122 596
91228 593
91335 595
91441 602
91547 596
91654 595
91760 600
91867 598
91974 601
92080 595
92187 591
92293 596
92400 594
92506 596
92612 597
92719 592
92825 593
92933 594
93039 590
93146 591
93252 592
93358 587
93465 590
93571 594
93678 590
93784 592
93890 590
93998 590
94104 590
94211 588
94317 584
94423 583
94530 581
94636 592
94743 588
94849 591
94957 587
95063 584
95169 585
95276 585
95382 584
95489 589
95595 581
95701 600
95808 593
95914 590
96022 592
96128 588
96234 589
96341 591
96447 590
96554 590
96660 593
96766 585
96873 591
97022 590
97129 589
97235 587
97342 586
97448 588
97554 591
97661 589
97767 586
97874 587
97981 587
98088 584
98194 587
98300 591
98407 583
98513 586
98619 585
98726 594
98832 589
98940 583
99046 586
99153 582
99259 592
99365 584
99472 582
99578 581
99685 584
99791 582
99897 582
100005 605
100111 592
100218 595
100324 595
100431 591
100537 591
100643 589
100750 589
100856 591
100964 594
101070 592
101176 590
101283 587
101389 593
101496 591
101602 590
101708 587
101815 586
101922 580
102029 589
102135 590
102242 588
102348 588
102454 585
102561 589
102667 588
102774 587
102880 597
102987 585
103094 587
103200 589
103307 585
103413 589
103519 580
103626 584
103732 585
103839 583
103946 585
104053 586
104159 579
104265 584
104372 590
104478 589
104585 595
104691 589
104797 591
104904 592
105011 581
105118 591
105224 594
105330 587
105437 597
105543 589
105650 591
105756 593
105862 587
105970 589
106076 590
106183 589
106289 587
106396 584
106502 582
106608 589
106715 588
106821 588
106929 588
107035 584
107142 586
107248 584
107354 588
107461 595
107567 586
107673 584
107780 584
107886 592
107994 584
108100 590
108207 581
108313 581
108419 582
108526 585
108632 604
108739 591
108845 593
108953 593
109059 593
109165 586
109272 593
109378 590
109485 590
109591 590
109697 589
109804 590
109910 592
110018 590
110124 587
110230 588
110337 590
110443 584
110550 588
110656 588
110762 590
110869 587
111016 585
111122 587
111229 588
111335 595
111441 583
111548 589
111654 584
111760 589
111867 588
111974 582
112081 583
112187 586
112294 583
112400 583
112506 580
112613 573
112719 585
112826 584
112933 606
113040 595
113146 592
113252 592
113359 595
113465 592
113572 595
113678 586
113784 594
113891 592
113998 593
114105 592
114211 597
114317 585
114424 593
114530 590
114637 592
114743 594
114849 585
114957 587
115063 587
115170 589
115276 589
115383 582
115489 588
115595 587
115702 586
115808 586
115915 586
116022 583
116128 584
116235 579
116341 581
116448 584
116554 584
116660 586
116767 583
116873 580
116981 583
117087 588
117194 576
117300 590
117406 592
117513 593
117619 596
117726 589
117832 596
117940 593
118046 594
118152 592
118259 596
118365 585
118471 592
118578 594
118684 594
118791 597
118897 586
119005 583
119111 468
119217 371
119324 290
119430 241
119537 228
119643 246
119749 302
119856 384
119963 482
120070 591
120176 702
120283 795
120389 864
120495 903
120602 907
120708 884
120814 825
120922 744
121028 645
121135 541
121241 436
121348 357
121454 289
121560 269
121667 269
121773 294
121880 359
121987 439
122094 534
122200 633
122306 726
122413 806
122519 859
122626 886
122732 881
122838 850
122946 779
123052 701
123159 607
123265 517
123371 428
123478 354
123584 306
123691 286
123797 296
123903 336
124011 406
124117 468
124224 563
124330 656
124437 741
124543 799
124649 834
124756 853
124862 833
124970 795
125076 736
125182 661
125289 566
125395 489
125502 413
125608 357
125714 326
125821 316
125928 342
126035 412
126141 446
126248 524
126354 599
126460 672
126567 742
126673 792
126780 822
126886 825
126994 801
127100 758
127206 697
127313 624
127419 552
127525 473
127632 417
127738 373
127845 350
127952 350
128059 378
128165 417
128271 478
128378 548
128484 621
128591 690
128697 738
128803 779
128910 768
129017 786
129124 761
129230 714
129336 638
129443 592
129549 521
129656 462
129762 414
129868 376
130015 367
130122 387
130228 436
130334 478
130441 539
130547 602
130653 670
130760 718
130866 757
131012 787
131118 765
131224 748
131331 703
131437 653
131544 587
131650 526
131756 473
131863 431
132006 396
132112 392
132218 405
132325 437
132431 470
132538 541
132644 597
132750 651
132857 703
132964 736
133071 751
133177 750
133284 737
133390 709
133496 656
133603 603
133709 552
133815 497
133923 453
134029 430
134136 407
134242 410
134349 429
134455 457
134561 525
134668 563
134774 618
134881 667
134988 707
135095 730
135201 748
135307 733
135414 719
135520 684
135627 633
135733 593
135839 535
135947 495
136053 455
136160 439
136266 427
136372 434
136479 453
136585 485
136692 537
136798 582
136904 625
137012 666
137118 704
137225 720
137331 724
137438 713
137544 686
137650 652
137757 606
137863 562
137971 519
138077 486
138183 446
138290 438
138396 436
138503 452
138609 481
138715 507
138822 555
138929 607
139036 648
139142 679
139249 699
139355 703
139461 715
139568 697
139674 671
139781 637
139887 590
139995 555
140101 516
140207 485
140314 466
140420 451
140526 456
140633 470
140739 497
140846 534
140953 572
141060 600
141166 645
141272 673
141379 693
141485 688
141592 688
141698 673
141804 642
141911 605
142018 575
142125 546
142231 505
142338 486
142444 468
142550 462
142657 467
142763 491
142869 514
142977 548
143083 580
143190 632
143296 651
143403 670
143509 683
143615 684
143722 679
143828 655
143936 628
144042 597
144149 566
144255 536
144361 513
144468 490
144574 484
144681 481
144787 493
144893 511
145001 540
145107 563
145214 597
145320 625
145426 650
145533 670
145639 667
145746 671
145852 659
145960 638
146066 611
146172 585
146279 546
146385 527
146492 506
146598 489
146704 488
146811 482
146918 498
147025 515
147131 543
147237 571
147344 596
147450 625
147557 652
147663 670
147769 674
147876 663
147983 658
148090 637
148196 609
148303 582
148409 554
148515 525
148622 624
148728 655
148835 667
148942 659
149049 660
149155 641
149261 637
149368 630
149474 617
149580 624
149687 612
149793 612
149900 610
150007 606
150114 606
150220 602
150326 594
150433 599
150539 599
150646 597
150752 592
150858 591
150966 595
151072 594
151179 595
151285 590
151392 587
151498 593
151604 591
151711 590
151817 593
151925 604
152031 594
152137 599
152244 593
152350 600
152457 601
152563 590
152669 592
152776 596
152882 597
152990 593
153096 592
153203 586
153309 588
153415 591
153522 592
153628 595
153735 587
153841 591
153948 592
154055 593
154161 589
154268 588
154374 589
154480 589
154587 588
154693 589
154800 585
154906 580
155014 587
155120 588
155226 585
155333 590
155439 582
155546 584
155652 586
155758 583
155865 589
155972 586
156079 577
156185 593
156291 592
156398 596
156504 598
156611 586
156717 591
156823 592
156931 591
157037 593
157144 595
157250 582
157357 591
157463 591
157569 591
157676 587
157782 582
157889 586
157996 588
158103 587
158209 590
158315 586
158422 586
158528 593
158634 589
158741 589
158847 585
158955 581
159061 587
159168 595
159274 585
159380 586
159487 582
159593 584
159700 584
159806 585
159912 584
160019 583
160125 585
160232 584
160338 585
160444 584
160551 590
160657 583
160764 594
160870 592
160978 595
161084 596
161190 588
161297 589
161403 592
161510 586
161616 593
161722 586
161829 590
161936 589
162043 588
162149 590
162255 591
162362 583
162468 586
162575 589
162681 590
162787 588
162894 583
163001 587
163108 589
163214 584
163321 586
163427 582
163533 578
163640 584
163746 587
163853 584
163960 584
164067 578
164173 585
164279 584
164386 585
164492 586
164598 580
164705 581
164811 603
164919 592
165025 592
165132 595
165238 590
165344 598
165451 592
165557 595
165664 593
165770 586
165876 590
165984 585
166090 591
166197 593
166303 587
166410 579
166516 588
166622 589
166729 588
166835 596
166943 584
167049 583
167155 607
167262 586
167368 588
167475 587
167581 578
167687 588
167794 583
167900 587
168008 592
168114 583
168221 587
168327 580
168433 579
168540 585
168646 581
168753 584
168859 580
168966 580
169073 582
169179 599
169286 602
169392 593
169498 589
169605 591
169711 596
169818 587
169925 591
170032 590
170138 588
170244 590
170351 586
170457 585
170564 588
170670 589
170776 587
170883 593
170990 586
171097 587
171203 588
171309 593
171416 594
171522 586
171629 589
171735 585
171841 591
171949 587
172055 591
172162 578
172268 587
172375 582
172481 583
172587 590
172694 587
172800 587
172907 583
173014 583
173121 583
173227 580
173333 574
173440 605
173546 596
173652 597
173759 593
173865 588
173973 594
174079 595
174186 592
174292 594
174398 589
174505 581
174611 591
174718 591
174824 591
174932 594
175038 587
175144 590
175251 590
175357 591
175464 591
175570 582
175676 588
175783 587
175889 589
175997 584
176103 587
176209 587
176316 585
176422 588
176529 585
176635 590
176741 584
176848 584
176955 585
177062 590
177168 587
177275 582
177381 581
177487 584
177594 585
177700 584
177807 600
177913 589
178020 591
178127 591
178233 590
178340 592
178446 591
178552 535
178659 427
178765 333
178872 266
179020 226
179127 241
179233 292
179340 370
179446 461
179552 576
179659 717
179765 775
179872 854
179979 907
180085 933
180192 893
180298 843
180405 760
180511 668
180617 553
180724 458
180830 372
180938 306
181044 262
181151 254
181257 277
181363 337
181470 412
181576 506
181683 610
181789 694
181895 783
182003 841
182109 887
182216 887
182322 856
182428 799
182535 718
182641 632
182748 538
182854 445
182962 371
183068 320
183174 295
183281 301
183387 327
183494 382
183600 457
183706 547
183813 638
183920 718
184027 783
184133 827
184240 852
184346 842
184452 810
184559 759
184665 675
184771 594
184878 509
184985 437
185092 371
185198 328
185305 315
185411 331
185517 365
185624 426
185730 495
185837 573
185944 658
186051 722
186157 783
186263 815
186370 817
186476 811
186583 772
186689 713
186795 645
186902 562
187009 490
187116 425
187222 379
187328 352
187435 355
187541 363
187648 413
187754 471
187860 534
187968 611
188074 679
188181 738
188287 779
188394 802
188500 799
188606 780
188713 724
188819 670
188927 605
189033 538
189139 473
189246 417
189352 382
189459 356
189565 373
189671 398
189778 437
189884 492
189992 564
190098 627
190205 685
190311 734
190417 760
190524 774
190630 768
190737 759
190843 706
190951 646
191057 581
191163 524
191270 470
191376 428
191482 403
191589 392
191695 405
191802 434
191908 478
192016 533
192122 586
192228 641
192335 696
192441 730
192548 755
192654 757
192760 735
192867 711
192974 670
193081 613
193187 558
193294 508
193400 459
193506 430
193613 413
193719 413
193825 426
193933 452
194039 501
194146 551
194252 607
194359 657
194465 687
194571 721
194678 734
194784 740
194891 714
194998 680
195105 643
195211 599
195317 551
195424 504
195530 470
195637 435
195743 427
195849 435
195957 456
196063 488
196170 525
196276 577
196382 620
196489 658
196595 698
196702 719
196808 721
196914 721
197022 699
197128 666
197235 631
197341 573
197447 534
197554 494
197660 463
197767 444
197873 433
197981 440
198087 468
198193 500
198300 542
198406 590
198513 623
198619 664
198725 689
198832 708
198939 712
199046 697
199152 676
199259 638
199365 605
199471 568
199578 524
199684 492
199790 468
199897 458
200004 460
200111 469
200217 490
200324 526
200430 555
200536 601
200643 639
200749 667
200856 691
200963 702
201070 699
201176 681
201282 665
201389 626
201495 589
201602 552
201708 510
201814 492
201922 471
202028 452
202135 467
202241 488
202347 507
202454 551
202560 569
202667 609
202773 644
202879 665
202987 683
203093 681
203200 676
203306 656
203413 632
203519 604
203625 565
203732 538
203838 516
203946 491
204052 481
204158 473
204265 483
204371 504
204478 531
204584 551
204690 593
204797 619
204903 651
205011 669
205117 679
205224 678
205330 671
205436 647
205543 626
205649 593
205756 568
205862 537
205970 508
206076 489
206182 488
206289 483
206395 496
206501 509
206608 531
206714 565
206821 594
206928 623
207035 641
207141 654
207247 663
207354 662
207460 648
207567 632
207673 606
207779 581
207886 555
207993 528
208100 619
208206 658
208313 663
208419 664
208525 658
208632 652
208738 643
208844 634
208952 621
209058 625
209165 618
209271 615
209378 614
209484 606
209590 608
209697 605
209803 604
209910 602
210017 599
210124 601
210230 597
210336 597
210443 600
210549 594
210656 584
210762 592
210868 592
210976 593
211082 596
211189 585
211295 589
211401 589
211508 586
211614 591
211721 584
211827 585
211935 588
212041 585
212147 586
212254 585
212360 603
212467 595
212573 597
212679 598
212786 596
212892 590
213000 591
213106 592
213212 592
213319 595
213425 592
213532 587
213638 592
213744 591
213851 592
213958 591
214065 587
214171 591
214278 590
214384 579
214490 593
214597 587
214703 588
214810 585
214917 588
215024 587
215130 588
215236 587
215343 585
215449 584
215555 590
215662 595
215768 584
215875 583
216026 578
216132 584
216238 581
216345 575
216451 582
216558 580
216664 601
216770 599
216877 586
217029 591
217135 592
217242 592
217348 588
217455 594
217561 594
217667 587
217774 591
217880 600
217988 587
218094 590
218201 588
218307 590
218413 592
218520 588
218626 588
