1.87 0.33 575.93 10.06
60.50 8.92 515.56 10.86
117.00 9.05 455.56 11.60
175.50 11.55 397.43 13.07
231.93 11.57 347.62 11.38
290.43 13.43 302.43 11.19
346.75 13.28 269.75 9.45
403.31 13.34 242.87 6.59
461.50 14.35 227.62 9.66
519.31 14.42 222.18 5.26
575.68 14.56 226.87 5.71
632.06 14.44 240.93 7.71
688.62 14.37 265.37 10.16
745.12 14.27 300.37 9.94
801.68 14.17 341.06 11.50
857.93 14.17 388.25 13.54
914.56 14.11 441.62 15.10
970.87 14.21 497.31 16.05
1027.43 14.22 556.12 16.27
1084.00 14.12 614.37 15.87
1140.31 14.06 672.68 17.20
1196.81 14.24 726.18 14.96
1253.25 14.24 776.31 13.38
1309.68 14.34 819.37 11.93
1366.18 14.28 856.56 9.91
1424.00 16.97 886.00 8.85
1480.37 17.20 904.68 5.31
1536.75 17.08 916.50 4.40
1593.37 17.20 915.68 5.89
1649.87 17.00 906.12 6.76
1706.25 16.96 886.75 7.54
1762.75 16.97 859.93 13.49
1819.12 16.85 826.50 15.64
1875.75 16.96 783.81 14.79
1932.25 16.90 734.37 16.86
1988.56 16.89 682.56 16.57
2045.12 16.86 627.25 17.59
2101.50 16.86 572.56 18.80
2158.06 17.01 516.18 17.28
2214.62 17.01 462.18 18.05
2271.00 16.90 412.62 15.58
2327.56 17.06 370.18 13.18
2383.93 17.13 330.25 11.08
2440.37 17.24 299.50 7.46
2496.81 17.16 274.93 6.91
2553.31 17.04 262.68 5.59
2609.62 17.16 257.25 4.66
2666.18 17.04 261.00 4.53
2722.68 17.12 273.25 7.08
2779.12 16.96 294.81 9.91
2835.68 16.80 326.31 11.70
2892.00 16.93 365.75 12.14
2948.50 16.99 405.81 14.60
3005.12 16.98 454.87 17.99
3061.43 16.90 505.62 16.89
3118.06 16.94 558.00 17.84
3174.43 17.02 610.12 16.69
3230.81 17.02 661.06 16.95
3287.25 17.13 709.81 16.56
3343.68 16.98 755.31 13.09
3400.25 17.19 795.62 11.65
3456.68 17.17 829.31 11.55
3513.00 17.16 853.56 7.94
3569.50 17.24 871.81 9.89
3625.93 17.08 883.37 6.94
3682.43 16.96 882.62 4.65
3739.06 17.01 874.75 6.68
3795.37 16.93 857.31 9.38
3851.93 16.97 834.06 12.89
3908.25 16.89 802.93 14.32
3964.81 16.99 764.75 13.01
4021.18 16.94 721.87 14.67
4077.75 16.82 675.00 16.24
4134.18 17.06 626.18 17.81
4190.56 16.94 576.00 16.36
4247.12 17.02 525.50 17.21
4303.50 17.10 477.50 16.21
4359.93 16.95 431.87 14.12
4416.43 17.21 390.25 13.42
4472.81 17.16 356.43 10.62
4529.37 17.32 327.43 8.82
4585.87 17.12 306.00 6.94
4642.25 17.08 295.81 5.89
4698.68 17.12 287.87 7.29
4755.06 17.01 292.25 6.58
4811.68 16.99 302.25 11.10
4868.12 16.97 320.62 9.38
4924.56 16.94 349.18 12.34
4981.12 16.98 382.31 13.74
5037.43 16.90 422.00 15.39
5094.00 16.87 464.25 14.71
5150.43 17.02 508.06 16.57
5206.87 16.86 556.00 17.84
5263.37 17.06 602.75 17.37
5320.18 16.90 652.68 14.41
5376.75 17.10 695.75 13.90
5433.12 17.01 736.37 13.72
5489.62 16.94 771.37 13.03
5546.00 17.01 802.12 12.89
5602.43 16.99 826.06 7.69
5659.06 16.97 843.00 6.43
5715.43 16.87 851.37 6.07
5772.00 16.70 852.06 4.08
5828.31 16.81 847.06 8.89
5884.75 16.67 832.31 9.66
5941.43 16.86 808.93 9.91
5997.75 16.80 780.68 11.41
6054.25 16.66 748.37 10.07
6110.81 16.85 709.56 13.01
6167.06 16.72 667.50 14.94
6223.68 16.93 623.93 13.84
6280.06 16.83 579.18 16.32
6338.00 17.25 532.68 16.07
6394.50 17.58 487.37 15.94
6450.81 17.47 447.75 14.83
6507.31 17.67 410.12 12.30
6563.68 17.51 379.18 10.93
6620.31 17.35 353.18 9.38
6677.31 17.19 334.56 6.93
6734.06 16.94 322.18 5.49
6790.75 16.93 317.43 3.64
6847.12 16.77 320.81 4.02
6903.68 16.66 330.31 4.97
6960.06 16.81 347.81 6.68
7016.43 16.77 370.43 9.69
7073.06 16.81 401.62 11.26
7129.37 16.82 436.75 11.98
7186.06 16.73 473.06 12.99
7242.37 16.91 516.31 14.87
7299.43 17.72 558.25 15.22
7355.93 17.86 601.93 13.29
7412.31 17.88 646.37 13.91
7468.93 17.92 684.50 13.70
7525.18 18.03 721.31 13.75
7581.62 17.82 753.68 10.59
7638.18 17.91 780.62 7.86
7696.37 18.88 803.18 6.81
7752.93 18.72 817.87 6.87
7809.37 18.88 825.81 4.42
7865.75 18.70 825.00 5.35
7922.37 18.78 819.31 7.97
7978.62 18.69 806.87 7.31
8035.25 18.57 785.50 10.07
8091.56 18.61 761.56 10.90
8148.06 18.65 729.81 13.90
8204.62 18.66 695.62 14.03
8261.00 18.69 659.68 11.24
8319.37 22.12 615.12 14.66
8375.75 22.32 575.00 16.64
8432.12 22.22 536.25 17.45
8488.68 22.33 494.12 15.54
8544.93 22.24 458.50 14.74
8601.62 22.12 426.75 12.50
8658.06 22.23 396.93 12.59
8714.43 22.10 376.25 9.12
8770.93 22.26 356.87 7.00
8827.31 22.07 346.06 4.62
8883.87 22.05 342.62 5.87
8940.93 22.55 342.75 6.53
8997.18 22.43 355.43 9.34
9053.68 22.52 370.06 10.92
9110.18 22.43 390.62 13.58
9166.62 22.40 420.68 13.87
9223.18 22.50 450.93 14.52
9279.68 22.58 485.56 16.86
9336.00 22.63 522.00 18.02
9392.43 22.74 562.81 15.45
9448.93 22.72 603.62 15.32
9505.31 22.79 637.43 16.97
9561.81 22.54 673.93 13.54
9618.25 22.63 706.75 12.25
9674.68 22.70 736.75 9.98
9731.31 22.71 762.93 8.66
9787.68 22.51 780.62 9.16
9844.12 22.42 793.50 4.64
9900.50 22.56 799.87 5.22
9958.43 24.68 799.93 5.74
10014.93 24.57 795.56 6.86
10071.43 24.67 781.31 10.60
10128.00 24.43 764.62 12.48
10184.31 24.67 745.75 13.90
10240.75 24.67 714.62 16.55
10297.18 24.72 683.68 17.15
10353.68 24.81 646.93 17.26
10410.18 24.80 614.43 19.70
10466.50 24.91 578.06 18.38
10522.93 24.88 540.06 18.88
10579.43 24.83 505.87 17.40
10635.93 24.88 472.68 15.72
10692.50 24.74 441.62 15.11
10748.75 24.80 416.12 11.91
10805.25 24.75 393.93 10.91
10861.87 24.70 378.75 8.19
10918.31 24.78 370.43 5.23
10974.68 24.61 367.56 4.32
11031.18 24.78 368.87 4.21
11087.56 24.66 376.00 7.01
11144.18 24.69 393.06 9.86
11200.56 24.65 411.87 10.86
11257.18 24.72 433.37 12.16
11313.56 24.90 462.68 15.03
11369.81 24.80 492.87 18.47
11426.31 24.88 526.25 18.16
11482.81 24.89 563.37 17.08
11539.31 24.80 597.87 16.86
11595.68 24.81 632.56 15.60
11652.12 24.83 665.43 16.37
11708.62 24.88 694.68 14.14
11765.06 24.81 719.12 12.82
11821.56 24.72 740.06 14.44
11878.00 24.68 761.56 8.03
11934.43 24.77 772.50 6.89
11991.00 24.76 778.00 3.55
12047.37 24.73 779.43 5.01
12103.87 24.63 772.12 8.54
12160.37 24.79 762.43 8.22
12216.81 24.53 748.43 9.53
12273.37 24.80 727.87 12.48
12329.75 24.85 702.37 13.49
12386.25 24.93 677.06 13.37
12442.62 24.98 642.00 15.55
12499.06 24.82 610.93 14.90
12555.56 24.83 578.37 16.58
12611.93 24.79 544.93 13.57
12668.43 24.79 514.93 13.40
12725.06 24.81 484.06 12.80
12781.31 24.75 456.87 11.57
12837.75 24.80 433.00 10.62
12894.25 24.67 413.18 7.73
12950.75 24.73 401.18 6.28
13007.31 24.78 389.68 5.63
13063.56 24.66 388.37 5.69
13120.62 24.98 388.25 5.68
13177.00 24.96 395.87 7.32
13233.50 24.93 409.50 8.43
13290.00 25.09 425.93 13.39
13346.50 25.05 448.37 14.50
13402.87 25.16 472.18 14.21
13459.25 25.21 500.37 14.99
13515.75 25.21 532.75 16.73
13572.18 25.12 561.81 17.03
13628.75 25.00 594.75 15.37
13685.12 25.10 626.93 14.12
13741.56 25.13 655.62 13.66
13798.18 25.07 681.68 12.42
13854.50 24.84 705.25 10.84
13911.50 25.79 725.93 9.06
13968.00 25.78 742.18 6.77
14024.31 25.64 753.25 5.46
14080.81 25.70 758.56 5.35
14137.31 25.73 758.25 5.19
14193.81 25.62 755.81 7.44
14250.31 25.86 745.37 8.17
14306.68 25.75 729.62 9.70
14363.00 25.89 714.75 12.99
14419.56 25.90 691.12 14.77
14476.00 25.97 665.75 15.04
14532.43 25.94 639.68 15.13
14588.87 25.78 609.56 15.11
14645.50 25.98 580.00 14.53
14701.68 25.83 550.93 16.08
14758.31 25.75 521.12 14.75
14814.75 25.80 495.25 12.13
14871.12 25.70 470.37 11.17
14927.93 25.83 448.18 9.65
14984.06 25.75 432.56 9.07
15040.62 25.68 417.06 7.39
15097.56 25.37 410.62 5.34
15153.93 25.35 406.18 4.68
15210.62 25.39 407.56 3.37
15267.00 25.46 414.06 4.90
15323.43 25.57 425.31 10.59
15379.87 25.58 441.12 9.16
15436.18 25.51 458.62 10.80
15492.68 25.67 482.37 12.99
15549.12 25.53 508.68 13.32
15605.68 25.54 533.43 15.20
15662.18 25.47 562.37 13.68
15718.43 25.45 591.75 12.61
15775.06 25.57 618.18 13.02
15831.50 25.34 647.43 12.62
15887.93 25.45 670.93 11.78
15944.43 25.45 693.31 11.14
16000.75 25.39 711.18 7.79
16057.43 25.44 725.50 7.47
16115.25 25.14 737.56 6.47
16171.68 25.22 740.93 5.06
16228.18 25.16 742.18 3.94
16284.68 25.08 739.43 3.78
16341.18 25.26 730.25 6.97
16397.56 25.32 716.31 7.79
16454.00 25.45 701.18 9.31
16510.37 25.34 680.37 9.94
16566.87 25.14 658.43 10.78
16623.43 25.21 633.31 9.67
16679.75 25.22 605.50 11.61
16736.68 25.06 579.87 14.44
16793.18 24.90 554.93 16.92
16849.50 24.85 528.00 12.68
16906.18 25.01 502.31 11.77
16962.50 24.90 481.25 7.44
17019.00 24.95 461.50 8.12
17075.50 24.87 446.06 7.90
17131.87 24.99 433.87 5.62
17188.50 24.97 428.81 6.18
17244.81 24.95 421.18 5.90
17301.25 25.15 424.87 6.06
17357.68 25.05 429.68 8.51
17414.12 25.13 438.50 8.57
17470.68 25.18 452.37 9.76
17526.93 25.18 470.37 11.41
17583.50 25.23 491.06 11.22
17640.00 25.05 515.18 13.05
17696.31 24.99 539.25 14.90
17752.93 25.06 563.75 14.45
17809.31 24.98 589.43 13.83
17866.00 25.01 614.87 11.67
17922.31 24.98 640.12 12.77
17978.68 25.09 660.37 11.87
18035.25 24.96 682.00 8.95
18091.56 24.92 697.62 8.21
18148.12 25.02 710.81 5.47
18204.62 24.95 721.37 4.44
18261.18 25.18 724.18 5.18
18317.62 25.11 725.75 4.19
18373.87 25.07 723.50 5.84
18430.37 25.29 715.31 7.03
18486.87 25.16 704.43 8.68
18543.31 25.24 689.12 10.90
18599.87 25.06 671.75 11.49
18656.12 25.12 650.06 12.03
18712.68 25.26 629.18 12.42
18769.00 25.08 605.50 13.86
18825.62 24.94 581.87 14.44
18882.06 25.03 556.37 14.68
18938.43 25.05 533.00 13.85
18995.12 25.08 511.00 12.50
19051.31 24.98 492.87 12.05
19107.93 25.02 474.43 11.33
19164.37 25.09 460.12 9.12
19220.68 24.98 448.75 8.11
19277.50 25.16 441.31 5.77
19333.68 25.15 438.68 4.79
19390.25 25.28 439.00 5.49
19446.62 25.24 443.62 3.18
19503.00 25.18 454.00 9.48
19559.56 25.18 463.87 5.88
19616.43 24.70 481.62 7.75
19672.93 24.81 498.62 9.64
19729.43 24.72 518.25 11.56
19785.75 24.62 541.06 12.03
19842.25 24.82 562.12 12.75
19898.81 24.67 586.56 12.28
19955.31 24.71 609.75 11.51
20011.62 24.66 631.56 11.98
20068.50 24.75 653.43 11.63
20125.18 24.86 670.31 14.05
20181.37 24.80 685.87 9.10
20238.06 24.82 697.37 7.52
20294.37 24.93 706.62 7.47
20350.75 24.86 708.68 4.83
20407.37 25.06 711.31 3.38
20463.62 25.01 709.18 3.76
20520.31 25.06 702.00 5.28
20576.62 24.87 690.93 6.08
20634.56 24.48 679.12 7.94
20691.06 24.59 662.75 10.17
20747.37 24.48 642.43 8.73
20804.00 24.45 624.06 8.77
20860.81 23.94 600.18 10.24
20917.31 24.11 580.50 11.56
20973.87 24.07 559.25 11.81
21030.62 23.49 537.56 10.76
21087.12 23.67 517.00 10.27
21143.62 23.61 501.06 7.28
21200.06 23.56 483.43 6.67
21256.68 23.70 471.62 5.99
21313.00 23.63 462.43 7.04
21369.37 23.76 455.56 5.32
21425.81 23.70 453.75 6.28
21482.25 23.76 452.37 4.94
21538.75 23.80 457.50 6.88
21595.18 23.68 465.81 7.15
21651.81 23.90 475.81 8.19
21708.12 23.67 489.50 10.43
21764.56 23.60 507.37 11.20
21821.06 23.68 524.62 13.18
21878.93 23.09 543.25 12.10
21935.62 23.29 565.31 13.26
21991.81 23.16 586.37 12.10
22048.31 23.19 609.06 10.22
22104.81 23.19 625.62 10.69
22161.18 23.12 644.56 10.79
22217.75 23.10 660.37 10.22
22274.18 23.23 672.37 9.01
22330.68 23.36 683.25 8.05
22387.12 23.33 694.12 5.70
22443.50 23.25 698.06 2.93
22500.43 23.34 698.81 5.34
22556.68 23.16 696.68 5.11
22613.43 23.24 689.18 6.20
22669.87 23.13 678.56 8.84
22726.25 23.07 667.43 10.15
22782.81 23.22 654.37 10.89
22839.81 23.26 636.93 10.32
22896.37 23.26 619.50 9.01
22952.81 23.37 599.00 9.07
23009.18 23.31 580.18 10.45
23065.87 23.40 561.12 11.20
23122.18 23.32 542.25 11.61
23178.62 23.38 524.81 11.64
23235.12 23.29 507.93 8.64
23291.62 23.35 493.18 8.11
23348.12 23.46 482.12 8.07
23404.43 23.42 473.62 6.69
23461.00 23.51 467.81 6.21
23518.75 24.03 464.50 4.95
23575.18 23.86 467.31 5.32
23631.68 23.94 470.62 5.96
23688.12 23.93 476.00 6.58
23744.68 23.94 487.75 6.00
23801.12 23.78 499.56 5.14
23859.31 25.71 515.37 7.80
23915.81 25.94 530.43 8.80
23972.25 25.61 550.68 13.08
24028.81 25.74 568.25 10.89
24085.25 25.64 587.18 10.42
24141.68 25.70 606.06 11.64
24198.12 25.76 621.93 9.49
24254.56 25.68 635.68 9.78
24311.06 25.86 653.31 8.45
24367.43 25.76 663.31 8.44
24423.87 25.85 673.56 6.21
24481.06 26.54 682.93 6.90
24537.37 26.49 685.43 5.70
24594.50 26.52 686.06 4.64
24650.87 26.40 683.81 3.23
24707.18 26.43 677.93 4.26
24763.75 26.43 670.12 5.05
24820.25 26.40 660.31 6.53
24876.68 26.46 646.62 13.86
24933.18 26.38 631.75 7.19
24989.50 26.51 615.12 7.41
25046.12 26.33 597.50 9.34
25102.43 26.26 578.87 11.06
25159.00 26.43 561.93 10.75
25215.43 26.25 544.50 9.14
25271.93 26.47 529.06 8.53
25328.43 26.35 513.81 8.41
25384.75 26.28 501.18 6.67
25441.25 26.52 490.18 5.44
25499.50 29.18 483.06 6.23
25555.81 29.20 479.50 6.95
25612.50 29.06 475.68 5.77
25668.81 29.13 476.68 5.51
25725.43 29.21 481.06 6.17
25781.75 29.08 488.12 4.99
25838.18 29.12 496.37 7.02
25894.68 29.10 508.00 6.96
25951.18 29.17 520.50 7.32
26007.68 29.15 534.62 10.62
26064.12 29.03 549.75 11.56
26120.56 29.16 569.00 9.21
26177.06 29.00 582.25 8.42
26233.37 29.04 600.75 8.34
26289.93 29.08 617.68 9.27
26346.43 29.04 631.43 8.96
26403.25 29.53 647.37 10.04
26459.81 29.57 655.43 7.84
26516.00 29.50 666.37 6.04
26572.50 29.53 670.81 6.61
26629.06 29.42 673.81 6.05
26685.37 29.59 676.68 5.76
26742.06 29.28 674.18 5.61
26798.87 29.01 669.43 6.03
26855.37 28.98 662.56 7.34
26911.81 29.00 652.06 7.42
26968.25 28.98 641.31 7.41
27024.81 28.75 627.56 8.88
27081.18 28.95 608.00 12.61
27137.75 28.85 596.18 9.46
27194.12 28.88 579.06 9.94
27250.62 28.75 566.37 9.14
27307.00 28.77 550.18 10.23
27363.43 28.94 533.68 10.26
27420.00 28.88 521.81 6.84
27476.43 29.03 507.87 8.35
27532.87 29.06 500.87 8.51
27589.43 28.95 492.31 7.55
27645.68 29.04 487.56 5.25
27702.25 28.93 487.75 5.24
27758.68 28.91 484.43 8.65
27815.31 28.97 491.00 4.23
27871.68 28.93 498.37 5.25
27928.06 29.09 503.18 6.07
27984.56 28.91 513.87 6.10
28040.93 28.86 526.25 7.52
28097.37 28.92 539.12 7.12
28153.93 28.76 553.06 7.44
28210.31 28.87 567.75 8.81
28266.93 28.83 583.56 6.95
28323.31 28.86 601.25 9.86
28379.75 28.90 612.81 10.16
28436.37 29.02 626.87 7.66
28492.56 29.10 639.18 8.11
28549.06 29.00 648.31 6.39
28605.56 28.95 657.43 7.38
28662.18 29.01 661.62 4.62
28718.50 28.96 665.50 3.46
28774.87 28.94 665.81 4.30
28831.43 28.90 663.93 4.67
28887.87 29.01 661.62 5.79
