2 490
146 266
253 107
359 60
465 125
572 286
678 513
785 746
891 947
997 1061
1105 1076
1211 976
1318 804
1424 568
1531 359
1637 183
1743 100
1850 123
1956 242
2064 436
2170 655
2277 855
2383 996
2489 1041
2596 981
2702 848
2808 646
2915 443
3021 253
3129 146
3235 139
3342 217
3448 372
3554 574
3661 764
3767 919
3874 997
3980 975
4088 877
4194 711
4300 521
4407 351
4513 221
4620 178
4726 220
4832 336
4939 505
5045 693
5153 854
5259 950
5365 967
5472 893
5578 763
5685 592
5791 417
5897 286
6004 204
6111 221
6218 304
6324 450
6431 628
6537 776
6643 890
6750 936
6856 901
6963 805
7070 654
7176 483
7283 343
7389 252
7496 232
7602 285
7708 400
7815 556
7921 711
8028 838
8135 895
8242 905
8348 819
8454 694
8561 564
8667 405
8774 303
8880 253
8986 285
9094 378
9200 509
9307 659
9413 784
9519 863
9626 891
9732 846
9839 743
9945 604
10051 465
10159 361
10265 290
10372 290
10478 352
10585 459
10691 595
10797 723
10904 822
11010 867
11118 849
11224 760
11331 655
11437 521
11543 406
11650 321
11756 302
11862 337
11969 428
12076 544
12183 667
12289 767
12396 820
12502 828
12608 778
12715 686
12821 573
12928 461
13034 376
13142 334
13248 350
13354 411
13461 508
13567 624
13674 731
13780 798
13886 824
13993 794
14100 720
14207 625
14313 503
14419 415
14526 356
14632 346
14739 391
14845 475
14951 575
15059 680
15165 760
15272 794
15378 790
15484 737
15591 649
15697 552
15804 454
15910 386
16016 365
16124 387
16230 448
16337 542
16443 632
16550 718
16656 769
16762 780
16869 739
16975 666
17083 576
17189 502
17296 426
17402 396
17508 398
17615 442
17721 520
17827 604
17934 683
18040 741
18148 764
18254 750
18361 695
18467 621
18573 533
18680 455
18786 414
18893 407
18999 437
19107 494
19213 571
19319 649
19426 711
19532 741
19639 739
19745 701
19851 629
19958 556
20065 485
20172 434
20278 416
20384 428
20491 475
20597 542
20704 618
20810 682
20916 720
21023 725
21130 704
21237 651
21343 584
21450 516
21556 468
21662 435
21769 436
21875 472
21982 530
22089 600
22195 658
22302 713
22408 728
22515 714
22621 673
22727 610
22834 544
22940 487
23047 450
23154 437
23261 461
23367 503
23473 571
23580 625
23686 683
23793 707
23899 703
24005 672
24113 627
24219 566
24326 513
24432 466
24538 452
24645 462
24751 492
24858 549
24964 601
25072 648
25178 684
25284 694
25391 676
25497 636
25604 582
25710 529
25816 486
25923 468
26029 471
26137 491
26243 539
26350 591
26456 634
26562 675
26669 699
26775 682
26881 659
26988 609
27095 560
27202 514
27308 483
27415 469
27521 482
27627 518
27734 569
27840 615
27947 649
28053 682
28160 682
28267 658
28373 622
28479 564
28586 531
28692 492
28799 474
28905 477
29011 500
29159 562
29265 607
29372 645
29478 659
29584 705
29691 710
29797 699
29904 666
30010 649
30118 637
30224 642
30330 633
30437 628
30543 621
30649 620
30756 618
30862 613
30969 615
31076 615
31183 604
31289 608
31395 606
31502 607
31608 605
31715 601
31821 596
31927 600
32034 598
32141 598
32248 596
32354 588
32461 596
32567 593
32673 591
32780 595
32886 587
32992 591
33100 589
33206 588
33313 591
33419 587
33526 589
33632 591
33738 585
33845 591
33951 586
34059 580
34165 581
34272 588
34378 583
34484 586
34591 596
34697 592
34804 589
34910 595
35016 595
35124 596
35230 585
35337 593
35443 592
35550 591
35656 596
35762 588
35869 591
35975 591
36083 591
36189 591
36295 588
36402 584
36508 588
36615 590
36721 589
36827 589
36934 581
37040 590
37148 592
37254 568
37361 590
37467 585
37573 585
37680 591
37786 585
37893 587
37999 579
38107 580
38213 584
38319 586
38426 581
38532 580
38638 579
38745 585
38851 595
38958 594
39065 596
39172 592
39278 595
39384 590
39491 593
39597 592
39704 595
39810 586
39916 593
40023 584
40130 590
40237 592
40343 587
40450 587
40556 587
40662 591
40769 588
40875 587
40981 581
41089 587
41195 584
41302 586
41408 595
41515 583
41621 590
41727 588
41834 583
41940 587
42047 584
42154 599
42261 585
42367 585
42473 581
42580 588
42686 580
42793 587
42899 583
43005 581
43113 597
43219 592
43326 586
43432 593
43538 597
43645 592
43751 588
43858 583
43964 592
44072 592
44178 591
44284 593
44391 586
44497 585
44604 587
44710 591
44816 588
44923 587
45029 587
45137 587
45243 587
45349 590
45456 586
45562 582
45669 589
45775 586
45881 585
45988 592
46095 579
46202 589
46308 583
46415 583
46521 586
46627 586
46734 581
46840 583
46947 583
47053 586
47160 584
47267 579
47373 582
47479 589
47586 594
47692 591
47799 592
47905 577
48011 591
48119 590
48225 591
48332 594
48438 586
48545 591
48651 593
48757 593
48864 591
48970 589
49078 583
49184 587
49290 588
49397 591
49503 593
49610 584
49716 589
49822 588
49929 587
50035 588
50143 579
50249 587
50356 587
50462 586
50568 585
50675 584
50781 582
50888 583
50994 582
51101 584
51208 580
51314 579
51421 583
51527 582
51633 587
51740 583
51846 592
51953 591
52060 592
52167 590
52273 590
52379 596
52486 585
52592 592
52699 588
52805 591
52911 593
53018 587
53125 586
53232 587
53338 588
53444 589
53551 585
53657 583
53764 594
53870 585
53976 589
54084 589
54190 584
54297 592
54403 586
54510 586
54616 586
54722 584
54829 578
54935 586
55042 581
55149 584
55256 597
55362 577
55468 584
55575 586
55681 585
55787 586
55894 583
56000 584
56108 598
56214 594
56321 593
56427 597
56533 588
56640 596
56746 589
56853 595
56959 595
57067 590
57173 593
57279 589
57386 592
57492 592
57599 589
57705 580
57811 590
57918 589
58024 591
58132 590
58238 585
58344 586
58451 591
58557 587
58664 586
58770 586
58876 586
58983 587
59090 588
59197 584
59303 590
59410 579
59516 550
59622 309
59729 138
59835 58
59942 88
60048 227
60155 436
60262 679
60368 887
60475 1042
60581 1077
60687 1020
60794 863
60900 644
61007 422
61114 225
61221 122
61327 108
61433 209
61540 377
61646 589
61753 794
61859 959
61965 1034
62073 1009
62179 909
62286 711
62392 503
62498 310
62605 174
62711 137
62818 183
62924 321
63030 508
63138 712
63244 884
63351 985
63457 989
63564 917
63670 768
63776 581
63883 391
63989 245
64097 167
64203 183
64310 285
64416 449
64522 633
64629 809
64735 923
64841 977
64948 935
65054 827
65161 647
65267 468
65373 317
65480 221
65586 212
65693 268
65799 403
65905 565
66012 738
66119 870
66226 932
66332 921
66439 832
66545 699
66651 537
66758 390
66864 270
66971 233
67078 264
67184 364
67291 508
67397 665
67504 799
67610 887
67716 907
67823 850
67929 741
68036 595
68143 450
68250 331
68356 268
68462 270
68569 334
68675 454
68782 597
68888 735
68994 834
69102 891
69208 855
69315 775
69421 657
69527 519
69634 397
69740 307
69847 295
69953 336
70061 431
70167 560
70273 682
70380 799
70486 851
70593 851
70699 790
70805 685
70912 552
71018 436
71126 352
71232 312
71339 334
71445 399
71551 515
71658 632
71764 742
71870 812
71977 829
72084 794
72191 712
72297 602
72404 492
72510 391
72616 333
72723 337
72829 394
72936 477
73042 587
73150 689
73256 766
73362 807
73469 806
73575 739
73682 653
73788 535
73894 444
74001 377
74108 356
74215 390
74321 455
74427 554
74534 652
74640 738
74747 786
74853 789
74959 740
75067 669
75173 577
75280 482
75386 411
75493 369
75599 389
75705 430
75812 522
75918 612
76025 694
76132 749
76238 775
76345 750
76451 692
76558 614
76664 513
76770 440
76877 392
76983 391
77091 423
77197 486
77304 556
77410 656
77516 723
77623 755
77729 758
77836 701
77942 640
78048 552
78156 471
78262 421
78369 405
78475 426
78581 478
78688 557
78794 640
78901 703
79007 743
79115 751
79221 719
79327 657
79434 586
79540 500
79647 447
79753 412
79859 418
79966 459
80073 523
80180 598
80286 672
80393 719
80499 735
80605 721
80712 668
80818 609
80924 535
81031 473
81138 437
81245 419
81351 450
81458 501
81564 570
81670 635
81777 683
81883 705
81990 713
82097 698
82204 629
82310 572
82416 507
82523 463
82629 437
82736 454
82842 495
82948 545
83055 608
83162 672
83269 703
83375 713
83481 694
83588 643
83694 586
83801 528
83907 477
84013 451
84121 452
84227 475
84334 526
84440 585
84547 643
84653 687
84759 701
84866 695
84972 659
85080 603
85186 548
85292 494
85399 464
85505 462
85612 469
85718 512
85824 559
85931 616
86037 663
86145 684
86251 683
86358 664
86464 622
86570 574
86677 529
86783 494
86890 479
86996 475
87103 508
87210 554
87316 604
87423 649
87529 678
87635 683
87742 672
87848 640
87955 597
88062 548
88169 505
88275 487
88381 480
88488 498
88594 532
88701 572
88807 611
88913 648
89020 669
89127 713
89234 715
89340 685
89446 663
89553 648
89659 631
89766 632
89872 620
89978 616
90086 616
90192 612
90299 607
90405 597
90512 601
90618 601
90724 622
90831 609
90937 610
91044 603
91151 602
91258 605
91364 597
91470 604
91577 595
91683 594
91789 598
91896 596
92002 595
92110 594
92216 591
92323 593
92429 602
92535 591
92642 591
92748 589
92855 590
92961 590
93069 593
93175 589
93281 593
93388 584
93494 588
93601 586
93707 590
93813 594
93920 582
94026 588
94134 588
94240 582
94346 586
94453 590
94559 583
94666 583
94772 581
94878 581
94985 589
95092 592
95199 589
95305 594
95412 596
95518 596
95624 591
95731 588
95837 591
95944 591
96050 590
96157 593
96264 587
96370 591
96477 588
96583 592
96689 592
96796 590
96902 587
97009 590
97116 590
97223 591
97329 584
97435 585
97542 589
97648 589
97755 584
97861 588
97967 578
98075 585
98181 587
98288 583
98394 585
98500 584
98607 582
98713 582
98820 585
98926 585
99032 592
99140 581
99246 580
99353 605
99459 595
99566 597
99672 590
99778 596
99885 593
99991 595
100099 595
100205 594
100312 589
100418 589
100524 589
100631 587
100737 589
100843 586
100950 590
101056 591
101164 594
101270 589
101377 588
101483 582
101589 586
101696 587
101802 585
101909 589
102015 584
102165 585
102271 587
102377 587
102484 585
102590 584
102697 584
102803 570
102909 589
103016 581
103166 585
103272 586
103379 585
103485 587
103592 584
103698 599
103804 595
103911 593
104017 587
104168 591
104275 588
104381 592
104488 594
104594 586
104700 594
104807 592
104913 590
105020 589
105127 586
105234 583
105340 591
105446 589
105553 587
105659 593
105766 585
105872 586
105978 588
106086 586
106192 587
106299 582
106405 585
106511 584
106618 587
106724 586
106831 583
106937 577
107043 582
107151 582
107257 587
107364 582
107470 579
107577 580
107683 586
107789 583
107896 584
108002 587
108110 589
108216 593
108322 589
108429 584
108535 595
108642 589
108748 591
108854 594
108961 587
109068 591
109175 587
109281 590
109388 590
109494 586
109600 590
109707 587
109813 583
109920 590
110026 590
110134 585
110240 588
110346 588
110453 585
110559 590
110665 585
110772 585
110878 582
110985 585
111092 589
111199 583
111305 584
111411 588
111518 584
111624 585
111731 583
111837 582
111943 587
112050 578
112157 575
112264 581
112370 594
112477 594
112583 595
112689 588
112796 592
112902 593
113008 592
113116 591
113222 588
113329 592
113435 589
113542 588
113648 590
113754 584
113861 581
113967 587
114075 587
114181 591
114288 593
114394 582
114500 586
114607 587
114713 588
114820 591
114926 586
115032 589
115140 586
115246 585
115353 595
115459 586
115565 581
115672 585
115778 586
115885 584
115991 593
116099 585
116205 580
116311 583
116418 584
116524 584
116631 598
116737 591
116843 595
116950 596
117056 595
117164 593
117270 593
117376 593
117483 592
117589 590
117696 592
117802 589
117908 589
118015 588
118165 589
118271 587
118377 590
118484 587
118590 588
118696 587
118803 586
118909 580
119016 565
119123 318
119230 131
119336 62
119442 85
119549 223
119655 430
119762 670
119868 885
119974 1024
120082 1072
120188 1016
120295 860
120401 646
120508 422
120614 223
120720 118
120827 108
120933 196
121039 380
121147 585
121253 801
121360 956
121466 1038
121573 1015
121679 897
121785 711
121892 510
121998 317
122106 187
122212 147
122319 189
122425 326
122531 509
122638 710
122744 878
122851 977
122957 984
123064 914
123171 768
123277 582
123384 399
123490 251
123596 177
123703 192
123809 289
123916 447
124022 627
124130 804
124236 917
124342 960
124449 923
124555 817
124662 644
124768 474
124874 319
124981 228
125088 207
125195 266
125301 397
125407 569
125514 732
125620 863
125727 930
125833 920
125939 845
126046 706
126153 533
126260 395
126366 278
126473 239
126579 268
126685 369
126792 510
126898 664
127005 800
127112 886
127219 907
127325 855
127431 748
127538 594
127644 453
127750 333
127857 274
127963 278
128071 342
128177 454
128284 606
128390 740
128496 837
128603 875
128709 842
128816 764
128922 638
129028 509
129136 384
129242 300
129349 287
129455 328
129562 427
129668 564
129774 690
129881 787
129987 857
130095 854
130201 792
130307 690
130414 555
130520 440
130627 352
130733 316
130839 333
130946 400
131052 515
131160 636
131266 744
131373 817
131479 842
131585 797
131692 716
131798 605
131904 489
132011 397
132118 337
132225 334
132331 388
132438 474
132544 590
132650 695
132757 772
132863 813
132970 799
133077 741
133184 642
133290 529
133396 430
133503 364
133609 346
133716 375
133822 444
133928 560
134035 662
134142 742
134249 793
134355 797
134461 753
134568 674
134674 576
134781 478
134887 407
134993 372
135101 374
135207 438
135314 522
135420 617
135527 703
135633 763
135739 783
135846 762
135952 698
136060 609
136166 514
136272 439
136379 392
136485 387
136592 426
136698 486
136804 574
136911 663
137017 731
137125 764
137231 753
137338 700
137444 634
137550 551
137657 472
137763 420
137870 391
137976 414
138084 462
138190 540
138296 633
138403 708
138509 744
138615 755
138722 728
138828 673
138935 600
139041 508
139149 453
139255 420
139361 422
139468 461
139574 517
139681 589
139787 663
139893 717
140000 740
140107 728
140214 677
140320 613
140427 545
140533 481
140639 443
140746 424
140852 449
140958 499
141066 567
141172 638
141279 689
141385 712
141492 715
141598 679
141704 628
141811 566
141917 497
142024 459
142131 438
142238 447
142344 487
142450 539
142557 600
142663 670
142770 705
142876 711
142982 697
143090 648
143196 592
143303 530
143409 485
143515 459
143622 456
143728 485
143835 530
143941 590
144047 642
144155 684
144261 696
144368 691
144474 660
144581 615
144687 558
144793 503
144900 473
145006 459
145114 476
145220 511
145326 564
145433 608
145539 657
145646 679
145752 685
145858 665
145965 612
146072 569
146179 527
146285 487
146392 470
146498 472
146604 494
146711 541
146817 591
146924 653
147030 681
147138 684
147244 674
147350 641
147457 597
147563 553
147669 506
147776 490
147882 485
147989 506
148096 542
148203 589
148309 622
148415 654
148522 676
148628 715
148735 712
148841 683
148947 664
149054 659
149160 639
149267 633
149373 622
149479 618
149586 616
149692 612
149799 598
149905 607
150011 599
150159 610
150265 607
150372 598
150478 599
150584 596
150691 594
150797 596
150904 596
151010 593
151118 592
151224 590
151330 600
151437 597
151543 591
151649 596
151756 597
151862 597
151969 594
152076 595
152183 592
152289 592
152395 590
152502 596
152608 587
152715 594
152821 591
152927 591
153034 593
153141 594
153248 584
153354 592
153461 589
153567 591
153673 590
153780 582
153886 587
153992 584
154100 585
154206 589
154313 585
154419 579
154526 588
154632 587
154738 584
154845 590
154951 582
155059 586
155165 583
155272 583
155378 579
155484 580
155591 585
155697 593
155804 584
155910 596
156016 591
156124 587
156230 594
156337 592
156443 596
156550 592
156656 589
156762 593
156869 596
156975 587
157083 590
157189 594
157295 586
157402 603
157508 587
157615 587
157721 585
157827 585
157934 587
158040 586
158148 586
158254 582
158361 587
158467 580
158573 589
158680 585
158786 585
158893 582
158999 582
159107 586
159213 585
159319 585
159426 586
159532 581
159638 582
159745 582
159851 580
159958 596
160065 596
160172 589
160278 586
160384 595
160491 591
160597 593
160704 580
160810 590
160916 591
161023 592
161130 589
161237 591
161343 583
161450 593
161556 585
161662 591
161769 594
161875 583
161981 586
162089 589
162195 586
162302 589
162408 584
162515 586
162621 587
162727 586
162834 591
162940 581
163047 587
163154 586
163261 585
163367 589
163473 584
163580 581
163686 581
163793 582
163899 584
164005 584
164113 586
164219 589
164326 595
164432 593
164538 593
164645 595
164751 589
164858 588
164964 590
165072 593
165178 591
165284 590
165391 584
165497 589
165604 587
165710 590
165816 591
165923 583
166029 590
166137 587
166243 588
166349 589
166456 586
166562 583
166669 587
166775 584
166881 587
166988 585
167095 586
167202 619
167308 583
167415 583
167521 582
167627 585
167734 582
167840 583
167947 583
168053 588
168160 583
168267 577
168373 587
168479 580
168586 597
168692 598
168799 587
168905 592
169011 592
169119 593
169225 592
169332 591
169438 590
169545 590
169651 589
169757 591
169864 589
169970 581
170078 582
170184 589
170290 588
170397 593
170503 589
170610 584
170716 584
170822 587
170929 590
171035 585
171143 580
171249 585
171356 586
171462 587
171568 589
171675 583
171781 587
171888 586
171994 582
172101 606
172208 582
172314 579
172421 582
172527 591
172633 584
172740 582
172846 578
172953 593
173060 590
173167 588
173273 593
173379 590
173486 591
173592 592
173699 591
173805 591
173911 591
174018 592
174125 597
174232 592
174338 593
174444 593
174551 593
174657 594
174764 588
174870 582
174976 592
175084 583
175190 585
175297 590
175403 584
175510 584
175616 592
175722 586
175829 587
175935 586
176042 585
176149 589
176256 584
176362 587
176468 584
176575 585
176681 586
176787 581
176894 578
177000 585
177108 584
177214 608
177321 590
177427 593
177533 592
177640 593
177746 592
177853 593
177959 588
178067 583
178173 595
178279 590
178386 592
178492 593
178599 383
178705 188
178811 71
178918 71
179024 181
179132 374
179238 604
179344 837
179451 999
179557 1080
179664 1043
179770 906
179876 704
179983 480
180090 270
180197 136
180303 89
180410 159
180516 314
180622 521
180729 739
180835 915
180942 1021
181048 1029
181155 935
181262 769
181368 559
181475 353
181581 210
181687 142
181794 165
181900 280
182007 450
182114 655
182221 845
182327 969
182433 1015
182540 963
182646 821
182753 636
182859 451
182965 279
183073 182
183179 170
183286 250
183392 400
183498 582
183605 762
183711 901
183818 970
183924 946
184030 851
184138 693
184244 514
184351 350
184457 236
184564 198
184670 241
184776 359
184883 515
184989 689
185097 834
185203 941
185310 937
185416 865
185522 734
185629 574
185735 419
185841 291
185948 243
186054 246
186161 334
186267 466
186373 628
186480 774
186586 875
186693 915
186799 881
186905 780
187012 648
187119 500
187226 355
187332 281
187439 259
187545 317
187651 411
187758 563
187864 708
187971 823
188078 867
188184 876
188291 807
188397 682
188504 549
188610 410
188716 315
188823 280
188929 293
189036 380
189143 508
189250 645
189356 767
189462 839
189569 863
189675 818
189782 722
189888 598
189994 469
190102 350
190208 327
190315 313
190421 371
190527 483
190634 597
190740 718
190847 804
190953 836
191061 825
191167 753
191273 642
191380 525
191486 415
191593 343
191699 333
191805 361
191912 445
192018 551
192126 666
192232 758
192339 811
192445 805
192551 753
192658 676
192764 572
192870 461
192977 379
193084 351
193191 364
193297 423
193404 515
193510 614
193616 711
193723 776
193829 796
193936 769
194042 697
194150 598
194256 502
194362 420
194469 371
194575 378
194682 410
194788 494
194894 584
195001 677
195108 752
195215 786
195321 776
195427 731
195534 645
195640 556
195747 469
195853 402
195959 385
196067 403
196173 464
196280 550
196386 637
196493 710
196599 758
196705 766
196812 734
196918 662
197025 573
197132 496
197238 431
197345 400
197451 411
197558 445
197664 515
197770 600
197877 673
197983 729
198091 744
198197 722
198304 675
198410 603
198516 526
198623 462
198729 416
198836 410
198942 454
199048 508
199156 584
199262 652
199369 700
199475 737
199581 730
199688 693
199794 628
199901 551
200007 494
200115 450
200221 430
200327 442
200434 490
200540 553
200647 621
200753 678
200859 715
200966 722
201073 698
201180 647
201286 583
201393 521
201499 467
201605 438
201712 444
201818 475
201924 526
202031 595
202138 651
202245 692
202351 708
202458 702
202564 658
202670 607
202777 536
202883 481
202990 450
203097 444
203204 486
203310 517
203416 573
203523 635
203629 677
203736 702
203842 699
203948 668
204055 624
204162 565
204269 520
204375 482
204481 460
204588 474
204694 506
204801 556
204907 605
205013 650
205121 682
205227 689
205334 673
205440 630
205547 588
205653 535
205759 495
205866 468
205972 471
206080 497
206186 531
206292 576
206399 629
206505 666
206612 678
206718 668
206824 632
206931 601
207037 551
207145 511
207251 487
207358 468
207464 489
207570 530
207677 567
207783 617
207890 654
207996 678
208103 714
208210 718
208316 698
208423 678
208529 652
208635 644
208742 632
208848 628
208955 623
209062 618
209169 613
209275 615
209381 611
209488 608
209594 611
209701 603
209807 606
209913 600
210020 599
210127 600
210234 595
210340 597
210446 592
210553 595
210659 594
210766 590
210872 582
210978 588
211086 592
211192 593
211299 594
211405 584
211512 588
211618 588
211724 588
211831 606
211937 594
212044 595
212151 593
212258 596
212364 595
212470 598
212577 588
212683 595
212789 593
212896 594
213002 590
213110 590
213216 583
213323 593
213429 595
213535 591
213642 589
213748 580
213855 591
213961 587
214069 590
214175 590
214281 584
214388 588
214494 585
214601 589
214707 589
214813 586
214920 582
215026 584
215134 587
215240 582
215346 591
215453 584
215559 588
215666 582
215772 588
215878 585
215985 581
216092 577
216199 591
216305 596
216412 594
216518 598
216624 591
216731 590
216837 592
216944 592
217050 588
217157 589
217264 593
217370 590
217477 592
217583 587
217689 588
217796 589
217902 590
218009 587
218116 586
218223 588
218329 584
218435 587
218542 588
218648 588
218755 589
218861 585
218967 585
219075 584
219181 587
219288 587
219394 588
219500 579
219607 584
219713 583
219820 586
219926 587
220032 582
220140 575
220246 584
220353 585
220459 588
220566 594
220672 586
220778 595
220885 592
220991 595
221099 597
221205 589
221312 592
221418 591
221524 590
221631 586
221737 589
221843 588
221950 591
222056 592
222164 591
222270 593
222377 593
222483 585
222589 588
222696 589
222802 588
222909 585
223015 594
223165 591
223271 590
223377 581
223484 587
223590 586
223697 585
223803 584
223909 585
224016 585
224166 583
224272 585
224379 583
224485 581
224592 583
224698 584
224804 596
224911 600
225017 591
225168 594
225275 586
225381 596
225488 587
225594 591
225700 594
225807 591
225913 590
226020 587
226127 588
226234 590
226340 587
226446 590
226553 592
226659 582
226766 588
226872 585
226978 587
227086 589
227192 582
227299 582
227405 585
227511 583
227618 584
227724 592
227831 581
227937 588
228043 586
228151 583
228257 589
228364 584
228470 584
228577 580
228683 584
228789 582
228896 583
229002 576
229110 599
229216 592
229322 589
229429 594
229535 586
229642 592
229748 591
229854 593
229961 594
230068 597
230175 587
230281 588
230388 590
230494 588
230600 610
230707 583
230813 590
230920 589
231026 588
231134 592
231240 584
231346 580
231453 587
231559 587
231665 588
231772 584
231878 584
231985 587
232092 591
232199 586
232305 586
232411 583
232518 586
232624 582
232731 588
232837 582
232943 581
233050 575
233157 584
233264 582
233370 584
233477 592
233583 588
233689 595
233796 585
233902 592
234008 587
234116 591
234222 592
234329 591
234435 594
234542 588
234648 586
234754 582
234861 594
234967 587
235075 589
235181 589
235288 584
235394 589
235500 583
235607 589
235713 590
235820 584
235926 578
236032 587
236140 588
236246 587
236353 590
236459 586
236565 592
236672 585
236778 586
236885 585
236991 582
237099 582
237205 583
237311 587
237418 585
237524 589
237631 580
237737 598
237843 593
237950 591
238056 498
238164 264
238270 106
238376 60
238483 116
238589 277
238696 499
238802 741
238908 943
239015 1067
239165 1054
239271 919
239377 717
239484 488
239590 280
239696 144
239803 89
239909 151
240016 299
240123 514
240230 734
240336 914
240442 1022
240549 1035
240655 952
240762 785
240868 577
240974 368
241082 207
241188 133
241295 153
241401 259
241508 436
241614 641
241720 829
241827 956
241933 1005
242039 951
242147 833
242253 659
242360 463
242466 295
242573 195
242679 175
242785 247
242892 387
242998 568
243106 751
243212 896
243319 963
243425 960
243531 863
243638 715
243744 538
243851 364
243957 242
244064 195
244171 234
244277 347
244384 503
244490 676
244596 828
244703 922
244809 943
244916 878
245022 748
245130 595
245236 430
245342 298
245449 229
245555 232
245662 312
245768 446
245874 607
245981 755
246088 864
246195 903
246301 893
246407 798
246514 659
246620 503
246727 363
246833 280
246939 260
247046 310
247153 417
247260 558
247366 699
247473 817
247579 881
247685 880
247792 813
247898 700
248005 562
248112 426
248219 330
248325 289
248431 304
248538 385
248644 505
248750 636
248857 757
248963 829
249071 846
249177 815
249284 724
249390 607
249496 481
249603 375
249709 315
249816 314
249922 370
250028 467
250136 584
250242 697
250349 791
250455 828
250562 813
250668 750
250774 651
250881 530
250987 428
251095 354
251201 330
251307 366
251414 446
251520 554
251627 667
251733 759
251839 810
251946 805
252052 765
252160 680
252266 573
252373 472
252479 384
252585 349
252692 363
252798 423
252904 519
253011 616
253118 713
253225 774
253331 797
253438 767
253544 708
253650 597
253757 512
253863 425
253970 376
254077 370
254184 405
254290 483
254396 578
254503 668
254609 737
254716 770
254822 761
254928 712
255035 648
255142 549
255249 474
255355 412
255461 395
255568 413
255674 475
255781 555
255887 638
255993 710
256101 762
256207 764
256314 731
256420 671
256527 582
256633 503
256739 438
256846 406
256952 408
257060 447
257166 520
257272 598
257379 676
257485 727
257592 756
257698 727
257804 680
257911 606
258017 526
258125 430
258231 416
258338 410
258444 442
258550 485
258657 570
258763 645
258870 695
258976 740
259084 732
259190 694
259296 629
259403 562
259509 496
259615 448
259722 427
259828 442
259935 482
260041 549
260149 624
260255 685
260361 720
260468 735
260574 702
260681 658
260787 592
260893 528
261000 473
261107 437
261214 439
261320 470
261427 522
261533 589
261639 648
261746 692
261852 713
261958 700
262066 663
262172 612
262279 545
262385 494
262492 458
262598 450
262704 463
262811 500
262917 560
263024 619
263131 671
263238 694
263344 699
263450 672
263557 625
263663 582
263770 524
263876 489
263982 459
264090 464
264196 498
264303 551
264409 604
264515 666
264622 682
264728 702
264835 682
264941 648
265047 598
265155 540
265261 497
265368 469
265474 467
265581 491
265687 526
265793 571
265900 636
266006 666
266114 682
266220 682
266326 631
266433 607
266539 558
266646 516
266752 484
266858 470
266965 485
267072 514
267179 562
267285 603
267392 643
267498 666
267604 702
267711 709
267817 692
267924 677
268030 657
268138 646
268244 637
268350 626
268457 628
268563 620
268669 620
268776 616
268882 611
268989 609
269096 610
269203 602
269309 607
269415 601
269522 602
269628 600
269735 598
269841 596
269947 599
270054 596
270160 594
270267 594
270373 596
270479 593
270586 596
270692 594
270799 598
270905 590
271011 589
271159 592
271265 586
271372 589
271478 586
271584 585
271691 587
271797 586
271904 586
272010 582
272118 584
272224 584
272330 609
272437 588
272543 595
272649 549
272756 596
272862 598
272969 592
273076 590
273183 590
273289 592
273395 589
273502 588
273608 582
273715 590
273821 588
273927 591
274034 594
274141 587
274248 593
274354 594
274461 594
274567 591
274673 585
274780 590
274886 590
274992 580
275100 582
275206 589
275313 582
275419 584
275526 584
275632 589
275738 583
275845 586
275951 584
276059 585
276165 582
276272 585
276378 592
276484 579
276591 585
276697 598
276804 597
276910 598
277016 591
277124 593
277230 591
277337 597
277443 596
277550 623
277656 583
277762 591
277869 591
277975 589
278083 591
278189 587
278295 591
278402 589
278508 588
278615 589
278721 583
278827 587
278934 587
279040 590
279148 590
279254 590
279361 584
279467 586
279573 593
279680 587
279786 591
279893 577
279999 586
280107 584
280213 585
280319 588
280426 575
280532 580
280638 581
280745 583
280851 591
280958 588
281065 590
281172 591
281278 593
281384 592
281491 597
281597 590
281704 596
281810 590
281916 592
282023 592
282130 594
282237 589
282343 588
282450 596
282556 584
282662 592
282769 585
282875 594
282981 584
283089 586
283195 587
283302 593
283408 583
283515 587
283621 586
283727 584
283834 585
283940 582
284047 585
284154 587
284261 585
284367 584
284473 583
284580 583
284686 583
284793 585
284899 588
285005 583
285113 579
285219 583
285326 611
285432 593
285538 594
285645 589
285751 592
285858 592
285964 594
286072 593
286178 595
286284 586
286391 587
286497 590
286604 588
286710 594
286816 583
286923 589
287029 592
287137 583
287243 590
287349 582
287456 584
287562 588
287669 590
287775 588
287881 594
287988 580
288095 587
288202 589
288308 587
288415 592
288521 584
288627 588
288734 582
288840 588
288947 582
289053 583
289160 581
289267 581
289373 587
289479 589
289586 584
289692 592
289799 596
289905 593
290011 593
290119 600
290225 588
290332 597
290438 589
290545 591
290651 585
290757 596
290864 586
290970 592
291078 588
291184 588
291290 589
291397 585
291503 592
291610 585
291716 588
291822 588
291929 586
292035 581
292143 588
292249 589
292356 581
292462 587
292568 585
292675 590
292781 588
292888 585
292994 586
293101 590
293208 579
293314 582
293421 583
293527 583
293633 587
293740 580
293846 582
293953 596
294060 593
294167 597
294273 592
294379 588
294486 593
294592 596
294699 593
294805 588
294911 584
295018 589
295125 588
295232 588
295338 588
295444 583
295551 598
295657 585
295764 594
295870 590
295976 590
296084 585
296190 588
296297 588
296403 587
296510 591
296616 584
296722 588
296829 588
296935 589
297042 589
297149 587
297256 590
297362 587
297468 586
297575 457
297681 242
297787 88
297894 55
298000 125
298108 298
298214 523
298321 773
298427 960
298533 1068
298640 1073
298746 971
298853 786
298959 561
299067 344
299173 182
299279 104
299386 138
299492 252
299599 454
299705 667
299811 867
299918 1000
300024 1040
300132 973
300238 831
300344 639
300451 423
300557 258
300664 154
300770 146
300876 228
300983 387
301090 587
301197 779
301303 927
301410 994
301516 972
301622 867
301729 695
301835 503
301942 328
302048 208
302155 172
302262 227
302368 339
302475 515
302581 697
302687 863
302794 951
302900 962
303007 884
303114 747
303221 587
303327 409
303433 279
303540 211
303646 229
303753 318
303859 468
303965 636
304073 785
304179 897
304286 931
304392 897
304498 790
304605 648
304711 475
304818 344
304924 254
305030 241
305138 301
305244 411
305351 572
305457 716
305564 835
305670 894
305776 886
305883 805
305989 688
306097 531
306203 398
306310 301
306416 256
306522 289
306629 384
306735 513
306841 655
306948 775
307054 863
307161 882
307267 835
307373 733
307480 598
307586 458
307693 356
307799 298
307905 301
308012 369
308119 477
308226 613
308332 735
308439 820
308545 859
308651 830
308758 753
308864 636
308971 507
309078 397
309184 328
309291 309
309397 353
309504 442
309610 562
309716 684
309823 773
309929 830
310036 826
310143 773
310250 675
310356 550
310462 437
310569 359
310675 340
310782 344
310888 420
310994 511
311102 627
311208 731
311315 810
311421 823
311527 785
311634 715
311740 609
311847 495
311953 408
312061 364
312167 352
312273 405
312380 490
312486 591
312593 689
312699 761
312805 798
312912 785
313018 728
313126 640
313232 544
313339 444
313445 385
313551 368
313658 395
313764 466
313870 543
313977 648
314084 727
314191 772
314297 780
314404 732
314510 652
314616 565
314723 479
314829 412
314936 382
315042 386
315150 434
315256 521
315362 609
315469 695
315575 744
315682 775
315788 753
315894 696
316001 615
316108 531
316215 448
316321 410
316427 406
316534 436
316640 505
316747 580
316853 660
316959 721
317067 751
317173 739
317280 698
317386 633
317493 555
317599 484
317705 432
317812 415
317918 426
318025 468
318132 547
318238 623
318345 691
318451 724
318558 732
318664 707
318770 656
318877 587
318983 517
319091 452
319197 428
319304 433
319410 463
319516 524
319623 584
319729 653
319836 693
319942 718
320048 719
320156 680
320262 612
320369 551
320475 494
320581 451
320688 446
320794 451
320901 513
321007 570
321115 633
321221 686
321327 706
321434 702
321540 679
321647 631
321753 568
321859 512
321966 462
322073 448
322180 463
322286 497
322393 552
322499 607
322605 659
322712 687
322818 699
322924 683
323031 639
323138 581
323245 530
323351 485
323458 463
323564 464
323670 483
323777 530
323883 581
323990 630
324097 668
324204 681
324310 687
324416 655
324523 615
324629 561
324736 521
324842 482
324948 482
325055 493
325162 523
325269 566
325375 615
325481 650
325588 678
325694 674
325801 660
325907 619
326013 574
326121 534
326227 497
326334 484
326440 488
326547 507
326653 551
326759 594
326866 632
326972 664
327080 698
327186 710
327292 703
327399 679
327505 661
327612 647
327718 632
327824 623
327931 620
328037 618
328145 613
328251 608
328358 602
328464 607
328570 603
328677 613
328783 609
328890 602
328996 606
329103 604
329210 605
329316 605
329423 599
329529 597
329635 599
329742 601
329848 599
329955 593
330062 588
330169 596
330275 604
330381 594
330488 596
330594 594
330701 577
330807 592
330913 586
331020 592
331127 589
331234 587
331340 590
331446 585
331553 587
331659 589
331766 582
331872 587
331978 587
332086 588
332192 585
332299 584
332405 581
332512 584
332618 581
332724 595
332831 580
332937 603
333044 594
333151 592
333258 594
333364 595
333470 589
333577 592
333683 594
333789 590
333896 595
334002 588
334110 587
334216 589
334323 587
334429 589
334535 589
334642 588
334748 589
334855 588
334961 588
335069 586
335175 591
335281 579
335388 588
335494 583
335601 589
335707 590
335813 579
335920 588
336026 589
336134 587
336240 588
336346 585
336453 585
336559 582
336666 589
336772 589
336878 580
336985 574
337092 585
337199 580
337305 594
337412 593
337518 591
337624 591
337731 592
337837 592
337944 594
338050 585
338157 584
338264 588
338370 589
338477 592
338583 592
338689 588
338796 587
338902 591
339009 591
339116 591
339223 589
339329 586
339435 588
339542 589
339648 587
339755 585
339861 583
339967 585
340075 584
340181 584
340288 585
340394 582
340500 584
340607 585
340713 587
340820 587
340926 582
341032 583
341140 586
341246 585
341353 582
341459 586
341566 590
341672 590
341778 598
341885 590
341991 597
342099 593
342205 585
342312 594
342418 594
342524 593
342631 597
342737 588
342843 589
342950 590
343056 590
343164 592
343270 588
343377 588
343483 584
343589 586
343696 588
343802 585
343909 577
344015 586
344165 587
344271 586
344377 579
344484 589
344590 586
344697 582
344803 583
344909 578
345016 587
345166 583
345272 590
345379 580
345485 582
345592 582
345698 586
345804 587
345911 594
346017 592
346168 595
346275 581
346381 589
346488 582
346594 591
346700 588
346807 589
346913 593
347020 582
347127 590
347234 589
347340 588
347446 591
347553 587
347659 590
347766 587
347872 588
347978 591
348086 592
348192 582
348299 577
348405 584
348511 586
348618 587
348724 577
348831 584
348937 586
349043 581
349151 584
349257 582
349364 579
349470 588
349577 585
349683 586
349789 589
349896 580
350002 580
350110 583
350216 581
350322 594
350429 594
350535 588
350642 593
350748 592
350854 593
350961 589
351068 591
351175 587
351281 588
351388 593
351494 592
351600 589
351707 588
351813 590
351920 587
352026 587
352134 593
352240 581
352346 589
352453 588
352559 588
352665 586
352772 576
352878 585
352985 596
353092 587
353199 585
353305 585
353411 580
353518 585
353624 584
353731 586
353837 590
353943 580
354050 589
354157 584
354264 584
354370 587
354477 583
354583 590
354689 594
354796 594
354902 592
355008 588
355116 586
355222 593
355329 588
355435 592
355542 592
355648 628
355754 590
355861 593
355967 592
356075 589
356181 588
356288 581
356394 590
356500 590
356607 591
356713 596
356820 585
356926 589
357032 572
357140 325
357246 144
357353 63
357459 89
357565 221
357672 425
357778 662
357885 872
357991 1025
358099 1071
358205 1010
358311 854
358418 648
358524 416
358631 231
358737 125
358843 104
358950 211
359056 382
359164 584
359270 800
359376 956
359483 1036
359589 1018
359696 888
359802 722
359908 515
360015 325
360165 156
360271 151
360377 233
360484 395
360590 595
360696 775
360803 926
360909 997
361016 979
361123 872
361230 710
361336 505
361442 332
361549 205
361655 170
361762 223
361868 337
361974 511
362082 702
362188 855
362295 949
362401 955
362508 883
362614 749
362720 575
362827 405
362933 269
363039 200
363147 215
363253 322
363360 464
363466 638
363573 794
363679 903
363785 941
363892 904
363998 796
364106 643
364212 475
364319 337
364425 252
364531 240
364638 304
364744 416
364851 570
364957 724
365064 843
365171 903
365277 891
365384 810
365490 687
365596 538
365703 396
365809 304
365916 254
366022 293
366130 384
366236 513
366342 658
366449 779
366555 857
366662 874
366768 833
366874 723
366981 590
367088 452
367195 346
367301 288
367407 291
367514 361
367620 477
367727 610
367833 734
367939 827
368046 866
368153 848
368260 758
368366 647
368473 489
368579 404
368685 334
368792 306
368898 349
369005 436
369112 553
369219 675
369325 775
369431 825
369538 826
369644 780
369750 681
369857 565
369963 449
370071 368
370177 332
370284 345
370390 416
370496 508
370603 627
370709 728
370816 791
370922 816
371028 781
371136 699
371242 603
371349 494
371455 404
371562 358
371668 347
371774 395
371881 496
371987 593
372095 692
372201 760
372307 794
372414 785
372520 729
372627 640
372733 552
372839 450
372946 396
373052 374
373160 397
373266 464
373373 552
373479 643
373585 723
373692 770
373798 772
373904 737
374011 663
374118 577
374225 488
374331 420
374438 387
374544 395
374650 438
374757 516
374863 597
374970 689
375077 737
375184 755
375290 741
375396 690
375503 610
375609 528
375716 449
375822 409
375928 402
376035 431
376142 491
376249 586
376355 651
376461 721
376568 748
376674 751
376781 703
376887 636
376993 561
377101 493
377207 441
377314 419
377420 430
377527 480
377633 556
377739 621
377846 686
377952 721
378060 728
378166 706
378272 653
378379 583
378485 515
378592 460
378698 439
378804 438
378911 471
379017 532
379125 595
379231 652
379338 702
379444 717
379550 705
379657 668
379763 599
379870 533
379976 483
380084 448
380190 438
380296 458
380403 507
380509 587
380615 636
380722 690
380828 710
380935 701
381041 678
381149 629
381255 570
381361 516
381468 468
381574 447
381681 465
381787 497
381893 554
382000 605
382107 653
382214 694
382320 701
382427 686
382533 646
382639 585
382746 533
382852 486
382958 458
383066 466
383172 454
383279 527
383385 585
383492 635
383598 670
383704 689
383811 681
383917 647
384024 600
384131 549
384238 502
384344 473
384450 477
384557 484
384663 519
384770 568
384876 622
384982 663
385090 686
385196 682
385303 659
385409 621
385515 574
385622 525
385728 491
385835 482
385941 489
386047 506
386155 548
386261 601
386368 639
386474 660
386581 698
386687 709
386793 706
386900 682
387006 655
387114 645
387220 634
387326 627
387433 621
387539 617
387646 615
387752 611
387858 603
387965 606
388072 602
388179 605
388285 602
388392 597
388498 597
388604 596
388711 595
388817 595
388924 598
389030 590
389138 592
389244 602
389350 599
389457 602
389563 598
389669 591
389776 597
389882 595
389989 598
390096 594
390203 584
390309 593
390415 591
390522 593
390628 589
390735 588
390841 591
390947 606
391054 587
391160 593
391267 586
391373 595
391479 591
391586 588
391692 590
391799 587
391905 588
392011 593
392159 583
392265 584
392372 586
392478 586
392584 586
392691 586
392797 612
392904 584
393010 583
393118 583
393224 589
393330 582
393437 579
393543 596
393649 594
393756 594
393862 591
393969 592
394076 590
394183 592
394289 592
394395 596
394502 588
394608 592
394715 590
394821 586
394927 592
395034 584
395141 587
395248 592
395354 587
395461 591
395567 587
395673 588
395780 586
395886 589
395992 589
396100 590
396206 583
396313 587
396419 585
396526 586
396632 591
396738 583
396845 586
396951 584
397059 586
397165 585
397272 588
397378 581
397484 586
397591 585
397697 591
397804 604
397910 592
398016 590
398124 591
398230 592
398337 595
398443 600
398550 586
398656 591
398762 590
398869 591
398975 593
399083 585
399189 588
399295 594
399402 595
399508 588
399615 587
399721 581
399827 589
399934 587
400040 587
400148 594
400254 590
400361 588
400467 583
400573 575
400680 583
400786 586
400893 586
400999 589
401107 585
401213 582
401319 591
401426 580
401532 585
401638 585
401745 586
401851 589
401958 580
402065 583
402172 596
402278 593
402384 595
402491 594
402597 591
402704 592
402810 593
402916 592
403023 600
403130 588
403237 592
403343 590
403450 590
403556 591
403662 586
403769 592
403875 590
403981 586
404089 589
404195 590
404302 583
404408 590
404515 586
404621 586
404727 587
404834 582
404940 579
405047 588
405154 584
405261 584
405367 589
405473 581
405580 587
405686 585
405793 588
405899 586
406005 578
406113 583
406219 580
406326 580
406432 585
406538 592
406645 583
406751 595
406858 589
406964 591
407072 596
407178 585
407284 593
407391 589
407497 586
407604 590
407710 588
407816 588
407923 592
408029 587
408137 588
408243 593
408349 585
408456 587
408562 586
408669 588
408775 592
408881 583
408988 585
409095 584
409202 585
409308 585
409415 582
409521 579
409627 586
409734 585
409840 586
409947 589
410053 583
410160 585
410267 585
410373 589
410479 584
410586 582
410692 582
410799 599
410905 592
411011 595
411119 596
411225 588
411332 593
411438 589
411545 589
411651 591
411757 587
411864 594
411970 592
412078 589
412184 587
412290 585
412397 608
412503 589
412610 591
412716 589
412822 582
412929 588
413035 585
413143 587
413249 585
413356 588
413462 583
413568 583
413675 589
413781 582
413888 587
413994 581
414101 581
414208 587
414314 586
414421 583
414527 586
414633 581
414740 584
414846 587
414953 582
415060 583
415167 599
415273 592
415379 594
415486 593
415592 592
415699 588
415805 589
415911 591
416018 590
416125 590
416232 591
416338 588
416444 584
416551 545
416657 310
416764 137
416870 61
416976 101
417084 243
417190 455
417297 682
417403 901
417510 1042
417616 1073
417722 999
417829 838
417935 627
418042 395
418149 207
418256 111
418362 106
418468 207
418575 388
418681 602
418787 812
418894 969
419000 1038
419108 1007
419214 884
419321 691
419427 497
419533 302
419640 176
419746 141
419853 191
419959 339
420067 529
420173 729
420279 900
420386 991
420492 996
420599 914
420705 760
420811 570
420918 382
421024 241
421132 174
421238 195
421344 300
421451 465
421557 645
421664 817
421770 934
421876 968
421983 926
422090 804
422197 623
422303 459
422410 306
422516 219
422622 203
422729 276
422835 408
422942 572
423048 736
423155 865
423262 927
423368 909
423475 830
423581 685
423687 524
423794 395
423900 272
424007 239
424114 276
424221 382
424327 527
424433 681
424540 816
424646 901
424753 914
424859 855
424965 736
425073 588
425179 441
425286 324
425392 263
425498 256
425605 341
425711 472
425818 617
425924 749
426030 850
426138 884
426244 846
426351 764
426457 633
426564 493
426670 374
426776 293
426883 281
426989 334
427097 431
427203 563
427310 690
427416 796
427522 858
427629 842
427735 781
427841 671
427948 545
428054 429
428161 354
428267 315
428373 349
428480 404
428586 523
428693 640
428799 749
428905 822
429012 829
429119 794
429226 708
429332 599
429439 484
429545 389
429651 336
429758 341
429864 389
429971 486
430078 601
430184 700
430291 779
430397 813
430504 792
430610 731
430716 630
430823 525
430929 432
431036 370
431143 348
431250 388
431356 450
431462 556
431569 659
431675 742
431782 788
431888 785
431994 741
432102 660
432208 564
432315 473
432421 415
432527 371
432634 387
432740 442
432847 530
432953 626
433061 708
433167 771
433273 784
433380 757
433486 693
433593 606
433699 512
433805 440
433912 393
434018 393
434126 428
434232 498
434339 588
434445 666
434551 728
434658 759
434764 748
434870 700
434977 629
435084 542
435191 467
435297 429
435404 400
435510 428
435616 480
435723 558
435829 633
435936 694
436042 730
436150 743
436256 710
436362 647
436469 572
436575 492
436682 443
436788 428
436894 431
