2 573
95 542
151 514
208 486
264 464
320 444
377 421
450 399
506 382
563 371
619 362
675 348
732 350
788 349
844 351
901 351
957 361
1014 368
1070 382
1126 396
1183 415
1239 427
1296 455
1352 479
1408 494
1466 528
1522 555
1579 581
1635 603
1691 627
1748 651
1804 677
1861 701
1917 717
1973 732
2030 750
2086 763
2143 773
2199 782
2255 786
2312 791
2368 793
2426 782
2482 782
2539 777
2595 762
2651 751
2708 731
2764 718
2821 701
2877 694
2933 670
2990 642
3046 626
3102 602
3159 575
3215 553
3272 524
3328 508
3384 488
3442 463
3498 451
3555 436
3611 418
3668 410
3724 394
3780 391
3837 388
3893 382
3950 383
4006 386
4062 394
4119 399
4175 405
4232 420
4288 431
4344 451
4401 469
4458 480
4515 509
4571 528
4627 546
4684 568
4740 589
4797 617
4853 639
4909 653
4966 672
5022 687
5079 707
5135 724
5191 734
5248 744
5304 751
5361 756
5418 761
5475 764
5531 761
5587 758
5644 754
5700 743
5756 733
5813 721
5869 705
5926 693
5982 677
6038 656
6095 640
6151 617
6208 601
6264 581
6320 564
6377 538
6434 520
6491 498
6547 482
6604 467
6660 454
6716 437
6773 426
6829 418
6886 413
6942 399
6998 397
7055 405
7111 401
7167 428
7224 418
7280 429
7337 447
7393 446
7451 462
7507 475
7563 491
7620 515
7676 528
7733 550
7789 557
7845 580
7902 606
7958 616
8015 638
8071 661
8127 670
8184 687
8240 696
8297 713
8353 724
8411 719
8467 735
8524 736
8580 742
8637 736
8693 733
8749 733
8806 732
8862 721
8919 712
8975 694
9031 690
9088 674
9144 658
9201 647
9257 622
9313 608
9370 596
9427 565
9484 550
9540 541
9597 523
9653 503
9709 486
9766 476
9822 464
9878 453
9935 444
9991 433
10048 430
10104 429
10160 428
10217 427
10273 425
10330 430
10386 438
10444 441
10500 455
10556 470
10613 471
10669 492
10726 499
10782 519
10838 543
10895 550
10951 569
11008 581
11064 599
11120 616
11177 628
11233 644
11289 657
11346 669
11402 679
11460 687
11516 713
11573 717
11629 720
11685 730
11742 719
11798 723
11855 723
11911 712
11967 711
12024 700
12080 690
12137 692
12193 674
12249 657
12306 643
12362 631
12420 618
12476 597
12532 583
12589 574
12645 556
12702 540
12758 526
12814 514
12871 499
12927 489
12984 479
13040 469
13096 460
13153 454
13209 447
13266 450
13322 447
13378 451
13436 446
13492 452
13549 463
13605 473
13662 474
13718 483
13774 493
13831 513
13887 515
13943 533
14000 543
14056 544
14113 577
14169 592
14225 599
14282 616
14338 634
14395 643
14452 657
14509 665
14565 673
14621 683
14678 688
14734 698
14791 695
14847 697
14903 698
14960 693
15016 696
15073 689
15129 685
15185 683
15242 663
15298 662
15354 652
15412 636
15468 624
15525 608
15581 595
15638 586
15694 565
15750 554
15807 564
15863 544
15920 532
15976 513
16032 509
16089 502
16145 486
16202 484
16258 476
16314 471
16371 473
16428 472
16485 473
16541 466
16597 473
16654 477
16710 471
16767 489
16823 498
16879 505
16936 514
16992 520
17049 537
17105 552
17161 562
17218 575
17274 585
17331 598
17387 610
17445 615
17501 634
17557 641
17614 655
17670 663
17727 669
17783 673
17839 684
17896 685
17952 689
18008 682
18065 686
18121 689
18178 684
18234 679
18290 666
18347 664
18403 658
18461 644
18517 635
18574 628
18630 614
18686 605
18743 588
18799 578
18856 569
18912 552
18968 544
19025 532
19081 521
19138 515
19194 506
19250 495
19307 492
19363 487
19421 480
19477 472
19533 474
19590 479
19646 472
19703 475
19759 476
19815 483
19872 495
19928 500
19985 512
20041 510
20097 523
20154 549
20210 554
20267 564
20323 574
20379 585
20437 600
20493 606
20550 618
20606 633
20662 639
20719 647
20775 653
20832 665
20888 669
20944 672
21001 675
21057 676
21114 678
21170 681
21226 678
21283 674
21339 669
21396 666
21453 658
21510 647
21566 647
21622 637
21679 626
21735 616
21792 603
21848 595
21904 585
21961 574
22017 564
22073 548
22130 542
22186 530
22243 523
22299 515
22355 507
22413 505
22469 498
22526 488
22582 489
22639 486
22695 487
22751 484
22808 483
22864 493
22921 499
22977 505
23033 504
23090 510
23146 520
23203 530
23259 529
23315 547
23372 555
23429 567
23486 569
23542 584
23598 597
23655 607
23711 615
23768 621
23824 629
23880 638
23937 644
23993 647
24050 658
24106 653
24162 659
24219 662
24275 653
24332 658
24388 659
24446 654
24502 660
24558 652
24615 645
24671 644
24727 636
24784 626
24840 613
24897 609
24953 601
25009 581
25066 583
25122 572
25179 563
25235 559
25291 542
25348 535
25404 532
25462 523
25518 518
25575 507
25631 509
25687 505
25744 500
25800 499
25856 500
25913 504
25969 503
26026 502
26082 509
26138 523
26195 522
26251 526
26308 534
26364 541
26422 553
26478 562
26534 570
26591 574
26647 586
26704 592
26760 598
26816 607
26873 614
26929 621
26986 632
27042 628
27098 638
27155 649
27211 643
27267 645
27324 650
27380 652
27438 650
27494 643
27551 642
27607 638
27663 640
27720 634
27776 624
27833 622
27889 620
27945 610
28002 599
28058 587
28115 583
28171 579
28227 568
28284 562
28340 546
28397 544
28454 539
28510 521
28567 523
28623 518
28680 512
28736 494
28792 522
28849 520
28905 520
28962 514
29018 518
29074 515
29131 517
29187 527
29244 526
29300 537
29356 535
29414 544
29470 548
29527 557
29583 603
29640 634
29696 650
29752 666
29809 670
29865 687
29921 694
29978 697
30034 699
30091 699
30147 700
30203 702
30260 701
30316 690
30373 685
30430 681
30487 676
30543 665
30599 663
30656 657
30712 646
30769 638
30825 632
30881 632
30938 628
30994 620
31051 618
31107 612
31163 610
31220 610
31276 607
31332 608
31389 603
31446 599
31503 596
31559 581
31616 599
31672 599
31728 595
31785 606
31841 593
31898 599
31954 596
32010 593
32067 588
32123 588
32180 594
32236 589
32292 587
32349 591
32405 592
32462 587
32519 590
32575 580
32632 588
32688 588
32744 587
32801 587
32857 584
32913 586
32970 591
33026 587
33083 585
33139 598
33195 593
33252 595
33308 592
33365 598
33429 595
33486 593
33542 596
33599 594
33655 590
33711 590
33768 593
33824 583
33881 592
33937 591
33993 594
34050 591
34106 588
34163 591
34219 595
34275 593
34332 593
34388 580
34469 597
34525 587
34582 591
34638 587
34694 587
34751 597
34807 588
34863 589
34920 586
34976 591
35033 591
35089 593
35145 590
35202 587
35258 586
35315 590
35371 587
35429 588
35485 591
35541 589
35598 588
35654 577
35711 587
35767 590
35823 586
35880 593
35936 580
35993 587
36049 589
36105 587
36162 585
36218 582
36274 585
36331 590
36387 581
36445 584
36501 586
36558 582
36614 587
36670 581
36727 586
36783 583
36840 585
36896 584
36952 582
37009 584
37065 585
37122 583
37178 584
37234 581
37291 584
37347 584
37404 578
37461 598
37517 598
37574 595
37630 592
37687 591
37743 594
37799 596
37856 591
37912 595
37969 591
38025 592
38081 594
38138 586
38194 593
38251 590
38307 593
38363 590
38421 589
38477 592
38534 589
38590 588
38647 592
38703 588
38759 589
38816 589
38872 590
38928 589
38985 591
39041 592
39098 588
39154 589
39210 590
39267 590
39323 588
39380 589
39437 586
39494 592
39550 586
39606 586
39663 589
39719 586
39776 586
39832 588
39888 581
39945 588
40001 587
40058 588
40114 587
40170 583
40227 587
40283 590
40339 587
40396 587
40453 582
40510 591
40566 587
40623 584
40679 590
40735 582
40792 585
40848 586
40905 583
40961 588
41017 588
41074 588
41130 587
41187 580
41243 588
41299 586
41356 583
41413 584
41470 584
41526 588
41582 583
41639 580
41695 586
41752 595
41808 595
41864 595
41921 589
41977 594
42034 596
42090 594
42146 592
42203 586
42259 588
42316 592
42372 592
42430 593
42486 589
42542 595
42599 593
42655 582
42712 591
42768 595
42824 593
42881 588
42937 588
42993 593
43050 598
43106 590
43163 589
43219 588
43275 591
43332 592
43388 590
43446 590
43502 586
43559 589
43615 588
43671 584
43728 590
43784 597
43841 585
43897 592
43953 579
44010 587
44066 590
44123 590
44179 586
44235 584
44292 589
44348 585
44404 585
44462 589
44518 595
44575 583
44631 588
44688 580
44744 588
44800 593
44857 590
44913 587
44970 583
45026 586
45082 587
45139 585
45195 588
45251 584
45308 583
45364 587
45422 578
45478 586
45535 590
45591 586
45647 589
45704 570
45760 589
45817 586
45873 584
45929 586
45986 571
46042 584
46099 600
46155 595
46211 593
46268 593
46324 593
46381 597
46438 590
46494 592
46551 595
46607 591
46664 594
46720 588
46776 591
46833 593
46889 592
46946 592
47002 587
47058 586
47115 593
47171 591
47228 591
47284 571
47340 592
47397 591
47454 581
47511 586
47567 593
47624 592
47680 588
47736 588
47793 593
47849 592
47905 588
47962 585
48018 588
48075 587
48131 589
48187 580
48244 586
48300 588
48357 587
48414 587
48471 585
48527 588
48583 589
48640 581
48696 585
48753 583
48809 576
48865 593
48922 586
48978 585
49035 584
49091 588
49147 587
49204 580
49260 585
49316 585
49373 589
49430 587
49487 580
49543 585
49600 588
49656 588
49712 584
49769 582
49825 579
49882 582
49938 578
49994 581
50051 580
50107 583
50164 584
50220 581
50276 584
50333 588
50389 582
50447 598
50503 591
50559 592
50616 592
50672 593
50729 592
50785 590
50841 590
50898 590
50954 593
51011 591
51067 597
51123 591
51180 590
51236 585
51293 589
51349 594
51405 590
51462 591
51519 583
51575 588
51632 589
51688 589
51744 589
51801 587
51857 587
51913 592
51970 580
52026 589
52083 582
52139 586
52195 587
52252 582
52308 584
52365 592
52429 587
52486 587
52542 589
52599 596
52655 586
52711 586
52768 584
52824 587
52881 591
52937 587
52993 586
53050 579
53106 587
53163 587
53219 587
53275 584
53332 580
53388 582
53469 584
53525 587
53582 580
53638 585
53694 587
53751 586
53807 582
53863 581
53920 584
53976 587
54033 580
54089 585
54145 582
54202 585
54258 588
54315 576
54371 579
54429 585
54485 583
54541 587
54598 585
54654 583
54711 606
54767 603
54823 594
54880 593
54936 594
54993 593
55049 583
55105 596
55162 591
55218 592
55274 592
55331 593
55387 589
55445 592
55501 590
55558 588
55614 589
55670 592
55727 588
55783 585
55840 589
55896 589
55952 590
56009 590
56065 589
56122 587
56178 591
56234 599
56291 591
56347 584
56404 590
56461 591
56517 586
56574 586
56630 586
56687 588
56743 589
56799 581
56856 588
56912 584
56969 586
57025 591
57081 583
57138 587
57194 592
57251 587
57307 585
57363 580
57421 584
57477 586
57534 581
57590 588
57647 585
57703 587
57759 577
57816 579
57872 589
57928 591
57985 587
58041 588
58098 582
58154 588
58210 574
58267 587
58323 590
58380 583
58437 584
58494 587
58550 579
58606 585
58663 578
58719 586
58776 585
58832 579
58888 580
58945 587
59001 583
59058 607
59114 589
59170 593
59227 598
59283 595
59339 592
59396 588
59453 590
59510 587
59566 553
59623 528
59679 511
59735 473
59792 455
59848 431
59905 413
59961 399
60017 383
60074 369
60130 355
60187 353
60243 352
60299 343
60356 352
60413 365
60470 363
60526 377
60582 386
60639 407
60695 426
60752 443
60808 464
60864 483
60921 509
60977 536
61034 563
61090 584
61146 608
61203 638
61259 658
61316 680
61372 705
61430 726
61486 742
61542 758
61599 766
61655 780
61712 789
61768 793
61824 797
61881 790
61937 796
61993 787
62050 779
62106 770
62163 750
62219 730
62275 719
62332 702
62388 682
62446 661
62502 633
62559 615
62615 581
62671 560
62728 540
62784 519
62841 494
62897 469
62953 449
63010 436
63066 410
63123 406
63179 390
63235 383
63292 379
63348 370
63404 387
63462 389
63518 389
63575 392
63631 401
63688 411
63744 430
63800 440
63857 458
63913 472
63970 497
64026 520
64082 536
64139 559
64195 578
64251 603
64308 620
64364 639
64422 662
64478 688
64535 702
64591 717
64647 727
64704 741
64760 756
64817 761
64873 768
64929 764
64986 766
65042 766
65099 752
65155 757
65211 749
65268 738
65324 723
65381 702
65438 695
65494 679
65551 653
65607 639
65664 614
65720 596
65776 575
65833 550
65889 536
65946 510
66002 495
66058 475
66115 457
66171 450
66228 441
66284 433
66340 415
66397 401
66454 405
66511 404
66567 403
66624 403
66680 407
66736 405
66793 422
66849 430
66905 447
66962 458
67018 474
67075 489
67131 499
67187 524
67244 547
67300 565
67357 583
67414 600
67471 622
67527 640
67583 657
67640 666
67696 699
67753 705
67809 720
67865 718
67922 735
67978 746
68035 746
68091 745
68147 742
68204 740
68260 741
68316 730
68373 725
68430 708
68487 693
68543 688
68600 665
68656 654
68712 638
68769 621
68825 604
68882 580
68938 569
68994 554
69051 533
69107 520
69164 496
69220 489
69276 479
69333 461
69389 452
69447 443
69503 437
69559 435
69616 421
69672 431
69729 432
69785 431
69841 438
69898 437
69954 450
70011 460
70067 473
70123 482
70180 493
70236 512
70293 529
70349 542
70405 558
70462 571
70519 588
70575 607
70632 620
70688 637
70744 657
70801 659
70857 678
70913 681
70970 694
71026 707
71083 706
71139 710
71195 708
71252 715
71308 712
71365 708
71429 700
71486 698
71542 691
71599 677
71655 667
71711 651
71768 641
71824 627
71881 614
71937 598
71993 583
72050 582
72106 564
72163 546
72219 534
72275 521
72332 506
72388 496
72469 480
72525 473
72582 464
72638 459
72694 455
72751 454
72807 455
72863 457
72920 459
72976 459
73033 464
73089 478
73145 479
73202 490
73258 483
73315 509
73371 527
73429 537
73485 552
73541 563
73598 578
73654 589
73711 604
73767 620
73823 634
73880 642
73936 655
73993 658
74049 675
74105 683
74162 682
74218 694
74274 695
74331 694
74387 696
74445 689
74501 694
74558 685
74614 685
74670 676
74727 664
74783 659
74840 651
74896 637
74952 626
75009 609
75065 602
75122 588
75178 576
75234 561
75291 546
75347 536
75404 526
75461 512
75517 505
75574 500
75630 485
75687 482
75743 470
75799 467
75856 469
75912 466
75969 463
76025 462
76081 466
76138 478
76194 475
76251 482
76307 489
76363 514
76421 520
76477 526
76534 549
76590 554
76647 565
76703 576
76759 588
76816 599
76872 614
76928 619
76985 645
77041 643
77098 646
77154 659
77210 668
77267 671
77323 676
77380 681
77437 684
77494 684
77550 683
77606 685
77663 680
77719 677
77776 671
77832 664
77888 658
77945 647
78001 638
78058 623
78114 616
78170 611
78227 598
78283 584
78339 571
78396 563
78453 554
78510 536
78566 529
78623 522
78679 510
78735 501
78792 493
78848 492
78905 489
78961 485
79017 486
79074 475
79130 478
79187 485
79243 478
79299 490
79356 494
79413 501
79470 512
79526 510
79582 524
79639 536
79695 545
79752 555
79808 559
79864 575
79921 581
79977 600
80034 606
80090 613
80146 622
80203 635
80259 637
80316 645
80372 661
80430 658
80486 661
80542 662
80599 666
80655 689
80712 677
80768 674
80824 671
80881 668
80937 662
80993 645
81050 652
81106 637
81163 633
81219 623
81275 610
81332 607
81388 600
81446 584
81502 569
81559 558
81615 549
81671 542
81728 535
81784 535
81841 515
81897 512
81953 505
82010 495
82066 495
82123 500
82179 492
82235 493
82292 487
82348 493
82404 501
82462 503
82518 510
82575 512
82631 519
82688 528
82744 529
82800 546
82857 552
82913 562
82970 573
83026 579
83082 594
83139 602
83195 611
83251 620
83308 625
83364 632
83422 643
83478 650
83535 653
83591 651
83647 657
83704 661
83760 663
83817 658
83873 666
83929 657
83986 651
84042 647
84099 644
84155 642
84211 629
84268 624
84324 611
84381 607
84438 595
84494 579
84551 579
84607 567
84664 563
84720 554
84776 541
84833 531
84889 531
84946 523
85002 535
85058 518
85115 507
85171 508
85228 510
85284 506
85340 505
85397 507
85454 513
85511 510
85567 514
85624 524
85680 520
85736 530
85793 530
85849 539
85905 551
85962 554
86018 562
86075 569
86131 579
86187 590
86244 596
86300 605
86357 609
86414 621
86471 628
86527 626
86583 635
86640 646
86696 645
86753 649
86809 657
86865 647
86922 654
86978 651
87035 651
87091 648
87147 642
87204 642
87260 630
87316 627
87373 621
87430 612
87487 611
87543 595
87600 590
87656 584
87712 575
87769 568
87825 557
87882 552
87938 547
87994 537
88051 532
88107 523
88164 522
88220 519
88276 512
88333 512
88389 503
88447 507
88503 506
88559 507
88616 510
88672 514
88729 515
88785 524
88841 524
88898 531
88954 537
89011 542
89067 581
89123 609
89180 634
89236 647
89293 662
89349 689
89405 689
89462 696
89519 701
89575 700
89632 700
89688 705
89744 700
89801 698
89857 688
89913 687
89970 682
90026 672
90083 665
90139 657
90195 651
90252 650
90308 639
90365 636
90429 628
90486 627
90542 621
90599 617
90655 613
90711 612
90768 610
90824 599
90881 603
90937 599
90993 601
91050 600
91106 595
91163 598
91219 600
91275 595
91332 597
91388 592
91469 598
91525 597
91582 594
91638 590
91694 589
91751 594
91807 595
91863 592
91920 589
91976 591
92033 594
92089 594
92145 590
92202 590
92258 591
92315 591
92371 589
92429 591
92485 597
92541 591
92598 592
92654 584
92711 588
92767 587
92823 587
92880 591
92936 585
92993 591
93049 593
93105 585
93162 589
93218 584
93274 586
93331 589
93387 584
93445 583
93501 589
93558 584
93614 582
93670 591
93727 596
93783 599
93840 595
93896 594
93952 592
94009 596
94065 595
94122 594
94178 592
94234 588
94291 592
94347 590
94404 587
94461 592
94517 596
94574 593
94630 591
94687 586
94743 591
94799 593
94856 590
94912 590
94969 583
95025 589
95081 590
95138 591
95194 588
95251 589
95307 588
95363 589
95421 590
95477 593
95534 590
95590 589
95647 592
95703 584
95759 587
95816 590
95872 591
95928 588
95985 591
96041 588
96098 587
96154 580
96210 590
96267 584
96323 584
96380 585
96437 583
96494 588
96550 588
96606 586
96663 584
96719 582
96776 587
96832 587
96888 588
96945 586
97001 584
97058 586
97114 584
97170 581
97227 580
97283 596
97339 585
97396 589
97453 580
97510 568
97566 585
97623 582
97679 586
97735 580
97792 582
97848 585
97905 578
97961 601
98017 592
98074 593
98130 597
98187 588
98243 598
98299 599
98356 593
98413 587
98470 590
98526 595
98582 594
98639 580
98695 592
98752 592
98808 585
98864 588
98921 586
98977 595
99034 594
99090 592
99146 590
99203 586
99259 590
99316 592
99372 589
99430 592
99486 590
99542 589
99599 590
99655 580
99712 589
99768 591
99824 593
99881 587
99937 588
99993 588
100050 593
100106 590
100163 591
100219 584
100275 590
100332 589
100388 588
100446 589
100502 584
100559 587
100615 587
100671 584
100728 589
100784 591
100841 586
100897 586
100953 585
101010 586
101066 591
101123 587
101179 586
101235 583
101292 585
101348 590
101404 589
101462 585
101518 590
101575 586
101631 586
101688 583
101744 583
101800 587
101857 587
101913 587
101970 581
102026 581
102082 586
102139 536
102195 584
102251 599
102308 595
102364 595
102422 589
102478 594
102535 597
102591 592
102647 592
102704 588
102760 593
102817 596
102873 591
102929 592
102986 587
103042 594
103099 594
103155 602
103211 596
103268 588
103324 591
103381 591
103438 588
103494 589
103551 592
103607 590
103664 590
103720 584
103776 590
103833 587
103889 590
103946 590
104002 586
104058 584
104115 590
104171 589
104228 590
104284 586
104340 587
104397 588
104454 587
104511 588
104567 590
104624 586
104680 588
104736 585
104793 586
104849 589
104905 587
104962 585
105018 584
105075 586
105131 586
105187 586
105244 585
105300 587
105357 584
105414 589
105471 586
105527 586
105583 583
105640 586
105696 581
105753 585
105809 587
105865 585
105922 590
105978 582
106035 586
106091 586
106147 584
106204 587
106260 585
106316 582
106373 584
106430 585
106487 580
106543 584
106600 608
106656 593
106712 594
106769 593
106825 593
106882 593
106938 590
106994 594
107051 590
107107 595
107164 593
107220 588
107276 592
107333 594
107389 591
107447 590
107503 588
107559 607
107616 593
107672 589
107729 590
107785 589
107841 591
107898 592
107954 584
108011 590
108067 589
108123 584
108180 589
108236 582
108293 590
108349 591
108405 592
108462 588
108519 584
108575 589
108632 586
108688 585
108744 586
108801 588
108857 586
108913 587
108970 579
109026 587
109083 574
109139 586
109195 584
109252 582
109308 588
109365 590
109429 588
109486 577
109542 584
109599 581
109655 584
109711 586
109768 579
109824 584
109881 583
109937 583
109993 582
110050 577
110106 585
110163 584
110219 583
110275 581
110332 581
110388 582
110469 582
110525 581
110582 579
110638 582
110694 583
110751 587
110807 582
110863 582
110920 600
110976 593
111033 592
111089 591
111145 587
111202 591
111258 593
111315 587
111371 591
111429 596
111485 593
111541 595
111598 589
111654 588
111711 594
111767 589
111823 591
111880 589
111936 586
111993 587
112049 582
112105 592
112162 584
112218 590
112274 589
112331 584
112387 591
112445 593
112501 590
112558 585
112614 588
112670 589
112727 593
112783 584
112840 588
112896 586
112952 593
113009 589
113065 578
113122 582
113178 592
113234 582
113291 589
113347 585
113404 586
113461 587
113517 587
113574 591
113630 585
113687 582
113743 588
113799 577
113856 584
113912 581
113969 586
114025 587
114081 579
114138 582
114194 592
114251 585
114307 585
114363 576
114421 584
114477 588
114534 582
114590 585
114647 583
114703 583
114759 594
114816 576
114872 581
114928 589
114985 585
115041 581
115098 579
115154 577
115210 583
115267 601
115323 594
115380 587
115437 592
115494 594
115550 582
115606 591
115663 588
115719 592
115776 591
115832 589
115888 592
115945 600
116001 593
116058 588
116114 583
116170 592
116227 594
116283 593
116339 592
116396 589
116453 587
116510 591
116566 583
116623 589
116679 595
116735 590
116792 592
116848 584
116905 589
116961 592
117017 590
117074 588
117130 585
117187 590
117243 590
117299 589
117356 587
117413 585
117470 586
117526 587
117582 581
117639 587
117695 591
117752 589
117808 591
117864 580
117921 586
117977 587
118034 585
118090 590
118146 584
118203 585
118259 577
118316 590
118372 589
118430 592
118486 588
118542 587
118599 581
118655 586
118712 590
118768 588
118824 585
118881 584
118937 586
118993 587
119050 560
119106 533
119163 501
119219 482
119275 454
119332 428
119388 412
119446 400
119502 379
119559 387
119615 358
119671 358
119728 352
119784 344
119841 352
119897 355
119953 359
120010 372
120066 385
120123 399
120179 413
120235 437
120292 460
120348 473
120404 505
120462 529
120518 554
120575 578
120631 604
120688 630
120744 656
120800 675
120857 700
120913 718
120970 738
121026 758
121082 773
121139 781
121195 787
121251 795
121308 801
121364 797
121422 800
121478 795
121535 786
121591 776
121647 758
121704 747
121760 732
121817 710
121873 689
121929 665
121986 645
122042 620
122099 596
122155 574
122211 546
122268 525
122324 502
122381 480
122438 458
122494 439
122551 421
122607 404
122664 395
122720 383
122776 377
122833 373
122889 371
122946 368
123002 376
123058 370
123115 378
123171 394
123228 416
123284 426
123340 442
123397 457
123454 482
123511 500
123567 519
123624 544
123680 561
123736 588
123793 610
123849 627
123905 665
123962 683
124018 701
124075 720
124131 727
124187 746
124244 755
124300 765
124357 769
124414 772
124471 776
124527 775
124583 770
124640 765
124696 754
124753 748
124809 736
124865 711
124922 703
124978 691
125035 664
125091 646
125147 621
125204 608
125260 586
125316 564
125373 543
125430 520
125487 503
125543 485
125600 457
125656 448
125712 436
125769 427
125825 416
125882 403
125938 404
125994 406
126051 399
126107 431
126164 395
126220 413
126276 423
126333 442
126389 440
126447 451
126503 470
126559 487
126616 497
126672 522
126729 547
126785 559
126841 579
126898 592
126954 618
127011 637
127067 653
127123 670
127180 681
127236 699
127293 708
127349 718
127405 728
127462 733
127519 738
127575 741
127632 730
127688 737
127744 728
127801 727
127857 720
127913 703
127970 696
128026 687
128083 666
128139 652
128195 650
128252 631
128308 609
128365 593
128429 565
128486 552
128542 537
128599 517
128655 503
128711 484
128768 475
128824 465
128881 451
128937 444
128993 436
129050 429
129106 429
129163 424
129219 423
129275 426
129332 438
129388 439
129469 456
129525 463
129582 473
129638 493
129694 495
129751 517
129807 548
129863 552
129920 566
129976 583
130033 601
130089 624
130145 630
130202 644
130258 654
130315 672
130371 686
130429 692
130485 703
130541 706
130598 713
130654 717
130711 710
130767 717
130823 712
130880 711
130936 703
130993 694
131049 691
131105 686
131162 669
131218 656
131274 641
131331 628
131387 615
131445 591
131501 583
131558 562
131614 552
131670 535
131727 518
131783 511
131840 501
131896 485
131952 471
132009 461
132065 460
132122 454
132178 451
132234 439
132291 441
132347 446
132404 447
132461 458
132517 471
132574 481
132630 483
132687 492
132743 499
132799 511
132856 531
132912 541
132969 557
133025 563
133081 578
133138 596
133194 610
133251 624
133307 634
133363 647
133421 656
133477 661
133534 672
133590 688
133647 689
133703 696
133759 698
133816 700
133872 702
133928 699
133985 694
134041 689
134098 687
134154 681
134210 671
134267 661
134323 649
134380 639
134437 626
134494 611
134550 605
134606 595
134663 578
134719 563
134776 546
134832 537
134888 527
134945 518
135001 503
135058 500
135114 487
135170 485
135227 472
135283 476
135339 468
135396 466
135453 465
135510 462
135566 469
135623 474
135679 479
135735 485
135792 491
135848 501
135905 515
135961 520
136017 536
136074 543
136130 557
136187 568
136243 572
136299 594
136356 603
136413 618
136470 629
136526 630
136582 650
136639 656
136695 661
136752 664
136808 675
136864 691
136921 688
136977 689
137034 688
137090 685
137146 680
137203 680
137259 667
137316 666
137372 656
137430 648
137486 640
137542 627
137599 619
137655 612
137712 600
137768 583
137824 573
137881 560
137937 557
137993 532
138050 533
138106 521
138163 514
138219 506
138275 492
138332 497
138388 494
138446 484
138502 483
138559 481
138615 482
138671 482
138728 490
138784 491
138841 496
138897 500
138953 509
139010 521
139066 526
139123 536
139179 548
139235 554
139292 566
139348 578
139404 591
139462 595
139518 608
139575 617
139631 626
139688 635
139744 633
139800 648
139857 652
139913 658
139970 663
140026 658
140082 663
140139 673
140195 667
140251 663
140308 661
140364 657
140422 653
140478 646
140535 639
140591 632
140647 625
140704 614
140760 600
140817 598
140873 581
140929 573
140986 564
141042 553
141099 548
141155 558
141211 537
141268 532
141324 517
141381 517
141438 512
141494 497
141551 502
141607 497
141664 499
141720 498
141776 493
141833 500
141889 508
141946 511
142002 510
142058 507
142115 525
142171 531
142228 539
142284 553
142340 554
142397 562
142454 570
142511 582
142567 592
142624 608
142680 610
142736 616
142793 620
142849 634
142905 642
142962 644
143018 646
143075 648
143131 652
143187 655
143244 654
143300 661
143357 655
143414 649
143471 653
143527 645
143583 645
143640 642
143696 632
143753 626
143809 615
143865 610
143922 602
143978 591
144035 587
144091 569
144147 565
144204 559
144260 548
144316 544
144373 535
144430 527
144487 520
144543 511
144600 511
144656 513
144712 505
144769 503
144825 496
144882 504
144938 502
144994 502
145051 507
145107 511
145164 512
145220 524
145276 525
145333 532
145389 539
145447 546
145503 574
145559 570
145616 583
145672 593
145729 598
145785 608
145841 610
145898 615
145954 627
146011 630
146067 637
146123 638
146180 641
146236 651
146293 640
146349 649
146405 647
146462 649
146519 646
146575 642
146632 637
146688 642
146744 631
146801 631
146857 624
146913 614
146970 610
147026 603
147083 603
147139 585
147195 580
147252 575
147308 560
147365 558
147429 552
147486 543
147542 538
147599 529
147655 525
147711 523
147768 522
147824 511
147881 511
147937 509
147993 513
148050 514
148106 506
148163 515
148219 526
148275 525
148332 524
148388 528
148469 539
148525 551
148582 590
148638 614
148694 639
148751 660
148807 669
148863 681
148920 684
148976 692
149033 694
149089 693
149145 695
149202 692
149258 688
149315 690
149371 683
149429 679
149485 678
149541 666
149598 656
149654 646
149711 642
149767 638
149823 646
149880 638
149936 627
149993 625
150049 624
150105 617
150162 620
150218 611
150274 610
150331 608
150387 607
150445 606
150501 610
150558 600
150614 603
150670 598
150727 599
150783 601
150840 599
150896 598
150952 593
151009 598
151065 599
151122 596
151178 596
151234 591
151291 595
151347 597
151404 585
151461 594
151517 598
151574 593
151630 593
151687 591
151743 592
151799 591
151856 592
151912 592
151969 590
152025 594
152081 595
152138 593
152194 590
152251 589
152307 587
152363 588
152421 592
152477 589
152534 599
152590 590
152647 589
152703 585
152759 588
152816 589
152872 589
152928 590
152985 585
153041 588
153098 585
153154 577
153210 589
153267 584
153323 588
153380 585
153437 582
153494 583
153550 585
153606 585
153663 584
153719 580
153776 585
153832 585
153888 582
153945 583
154001 584
154058 588
154114 603
154170 590
154227 594
154283 600
154339 595
154396 594
154453 591
154510 590
154566 597
154623 592
154679 595
154735 588
154792 591
154848 596
154905 583
154961 592
155017 591
155074 598
155130 590
155187 589
155243 590
155299 591
155356 590
155413 592
155470 590
155526 591
155582 586
155639 587
155695 586
155752 587
155808 592
155864 590
155921 589
155977 588
156034 593
156090 588
156146 587
156203 587
156259 587
156316 589
156372 589
156430 589
156486 583
156542 589
156599 588
156655 579
156712 589
156768 582
156824 586
156881 587
156937 583
156993 585
157050 591
157106 584
157163 586
157219 586
157275 587
157332 581
157388 587
157446 587
157502 584
157559 592
157615 585
157671 582
157728 585
157784 592
157841 584
157897 589
157953 580
158010 586
158066 590
158123 584
158179 587
158235 580
158292 584
158348 587
158404 585
158462 597
158518 594
158575 592
158631 593
158688 587
158744 592
158800 598
158857 579
158913 591
158970 590
159026 591
159082 589
159139 592
159195 591
159251 591
159308 593
159364 590
159422 588
159478 591
159535 595
159591 594
159647 589
159704 589
159760 590
159817 595
159873 590
159929 588
159986 589
160042 588
160099 591
160155 593
160211 589
160268 588
160324 588
160381 590
160438 589
160494 590
160551 595
160607 579
160664 590
160720 588
160776 590
160833 589
160889 589
160946 586
161002 586
161058 589
161115 590
161171 589
161228 589
161284 586
161340 588
161397 589
161454 585
161511 586
161567 588
161624 586
161680 584
161736 584
161793 584
161849 587
161905 585
161962 586
162018 581
162075 587
162131 584
162187 584
162244 583
162300 581
162357 574
162414 585
162471 582
162527 583
162583 583
162640 584
162696 587
162753 580
162809 594
162865 598
162922 593
162978 596
163035 588
163091 593
163147 593
163204 585
163260 597
163316 588
163373 592
163430 590
163487 589
163543 596
163600 593
163656 590
163712 588
163769 588
163825 592
163882 627
163938 591
163994 592
164051 592
164107 586
164164 592
164220 585
164276 588
164333 597
164389 589
164447 594
164503 584
164559 586
164616 590
164672 588
164729 591
164785 585
164841 586
164898 588
164954 581
165011 591
165067 585
165123 586
165180 588
165236 581
165293 590
165349 594
165405 586
165462 587
165519 584
165575 587
165632 589
165688 587
165744 582
165801 583
165857 581
165913 591
165970 585
166026 588
166083 587
166139 585
166195 587
166252 580
166308 578
166365 589
166429 581
166486 573
166542 584
166599 581
166655 581
166711 581
166768 578
166824 585
166881 585
166937 583
166993 584
167050 568
167106 590
167163 595
167219 595
167275 590
167332 592
167388 591
167469 592
167525 592
167582 606
167638 590
167694 596
167751 592
167807 591
167863 587
167920 587
167976 594
168033 589
168089 589
168145 584
168202 591
168258 597
168315 584
168371 586
168429 587
168485 587
168541 587
168598 586
168654 591
168711 593
168767 587
168823 589
168880 587
168936 589
168993 588
169049 581
169105 588
169162 585
169218 589
169274 589
169331 580
169387 588
169445 590
169501 589
169558 585
169614 583
169670 588
169727 588
169783 587
169840 586
169896 582
169952 588
170009 587
170065 576
170122 586
170178 584
170234 585
170291 587
170347 581
170404 585
170461 585
170517 583
170574 583
170630 580
170687 583
170743 582
170799 579
170856 581
170912 581
170969 582
171025 583
171081 573
171138 582
171194 586
171251 580
171307 587
171363 580
171421 597
171477 594
171534 593
171590 594
171647 592
171703 592
171759 594
171816 591
171872 589
171928 589
171985 590
172041 591
172098 591
172154 593
172210 591
172267 590
172323 591
172380 592
172437 590
172494 590
172550 590
172606 596
172663 588
172719 592
172776 588
172832 589
172888 590
172945 593
173001 587
173058 598
173114 587
173170 590
173227 592
173283 586
173339 587
173396 587
173453 589
173510 588
173566 580
173623 588
173679 593
173735 587
173792 588
173848 583
173905 585
173961 590
174017 586
174074 587
174130 584
174187 587
174243 591
174299 586
174356 588
174413 585
174470 584
174526 590
174582 576
174639 587
174695 591
174752 585
174808 592
174864 577
174921 586
174977 588
175034 585
175090 586
175146 580
175203 585
175259 585
175316 587
175372 581
175430 590
175486 584
175542 582
175599 581
175655 584
175712 585
175768 606
175824 596
175881 588
175937 595
175993 596
176050 593
176106 579
176163 591
176219 592
176275 595
176332 595
176388 593
176446 594
176502 592
176559 593
176615 577
176671 591
176728 593
176784 592
176841 588
176897 587
176953 590
177010 589
177066 589
177123 589
177179 589
177235 587
177292 590
177348 584
177404 591
177462 584
177518 592
177575 589
177631 604
177688 588
177744 594
177800 588
177857 589
177913 585
177970 590
178026 590
178082 591
178139 591
178195 583
178251 589
178308 588
178364 580
178422 587
178478 589
178535 571
178591 547
178647 512
178704 492
178760 467
178817 445
178873 422
178929 401
178986 382
179042 377
179099 356
179155 353
179211 343
179268 338
179324 341
179381 339
179438 354
179494 362
179551 372
179607 382
179664 401
179720 418
179776 441
179833 468
179889 487
179946 507
180002 534
180058 564
180115 593
180171 624
180228 647
180284 670
180340 695
180397 715
180454 737
180511 756
180567 766
180624 776
180680 788
180736 803
180793 802
180849 800
180905 804
180962 799
181018 792
181075 781
181131 773
181187 753
181244 745
181300 722
181357 696
181414 676
181471 661
181527 636
181583 608
181640 587
181696 558
181753 539
181809 515
181865 486
181922 471
181978 456
182035 435
182091 418
182147 396
182204 392
182260 388
182316 377
182373 376
182430 366
182487 368
182543 372
182600 374
182656 418
182712 402
182769 415
182825 431
182882 443
182938 469
182994 497
183051 513
183107 540
183164 552
183220 578
183276 605
183333 624
183389 646
183447 665
183503 685
183559 703
183616 716
183672 734
183729 750
183785 759
183841 763
183898 761
183954 769
184011 773
184067 770
184123 764
184180 752
184236 745
184293 736
184349 723
184405 722
184462 693
184519 677
184575 658
184632 630
184688 618
184744 594
184801 572
184857 552
184913 528
184970 512
185026 500
185083 473
185139 459
185195 432
185252 435
185308 424
185365 411
185429 400
185486 402
185542 402
185599 397
185655 406
185711 402
185768 418
185824 427
185881 440
185937 450
185993 461
186050 482
186106 502
186163 514
186219 538
186275 552
186332 566
186388 597
186469 622
186525 641
186582 658
186638 676
186694 685
186751 703
186807 716
186863 725
186920 733
186976 735
187033 741
187089 752
187145 744
187202 744
187258 734
187315 728
187371 722
187429 714
187485 696
187541 686
187598 673
187654 660
187711 631
187767 621
187823 603
187880 580
187936 568
187993 542
188049 527
188105 520
188162 495
188218 480
188274 462
188331 455
188387 446
188445 433
188501 428
188558 410
188614 415
188670 415
188727 429
188783 430
188840 432
188896 439
188952 450
189009 459
189065 469
189122 483
189178 499
189234 512
189291 528
189347 547
189404 561
189461 581
189517 597
189574 612
189630 629
189687 650
189743 655
189799 672
189856 689
189912 696
189969 703
190025 707
190081 720
190138 719
190194 722
190251 726
190307 726
190363 717
190421 719
190477 705
190534 700
190590 694
190647 679
190703 667
190759 646
190816 636
190872 621
190928 609
190985 592
191041 568
191098 558
191154 543
191210 529
191267 515
191323 499
191380 486
191437 476
191494 462
191550 456
191606 456
191663 448
191719 444
191776 436
191832 437
191888 443
191945 448
192001 450
192058 456
192114 468
192170 478
192227 488
192283 497
192339 513
192396 526
192453 544
192510 553
192566 571
192623 590
192679 600
192735 613
192792 624
192848 637
192905 656
192961 660
193017 692
193074 689
193130 697
193187 700
193243 708
193299 709
193356 706
193413 705
193470 703
193526 696
193582 689
193639 689
193695 679
193752 674
193808 658
193864 647
193921 640
193977 624
194034 609
194090 596
194146 582
194203 568
194259 548
194316 539
194372 525
194430 514
194486 508
194542 492
194599 489
194655 482
194712 472
194768 468
194824 464
194881 459
194937 466
194993 463
195050 466
195106 466
195163 477
195219 484
195275 486
195332 518
195388 514
195446 517
195502 531
195559 547
195615 554
195671 567
195728 580
195784 595
195841 604
195897 615
195953 629
196010 633
196066 650
196123 657
196179 663
196235 672
196292 672
196348 682
196404 684
196462 683
196518 683
196575 681
196631 677
196688 678
196744 673
196800 665
196857 658
196913 649
196970 639
197026 617
197082 615
197139 610
197195 596
197251 581
197308 559
197364 565
197422 558
197478 544
197535 530
197591 519
197647 511
197704 505
197760 489
197817 497
197873 486
197929 486
197986 479
198042 477
198099 484
198155 488
198211 486
198268 489
198324 489
198381 508
198438 510
198494 518
198551 528
198607 531
198664 546
198720 558
198776 560
198833 574
198889 592
198946 599
199002 607
199058 613
199115 632
199171 635
199228 646
199284 655
199340 656
199397 662
199454 667
199511 662
199567 673
199624 668
199680 673
199736 667
199793 664
199849 663
199905 658
199962 653
200018 644
200075 630
200131 632
200187 624
200244 610
200300 602
200357 593
200414 580
200471 567
200527 552
200583 547
200640 543
200696 532
200753 522
200809 510
200865 507
200922 504
200978 499
201035 495
201091 490
201147 491
201204 495
201260 491
201316 493
201373 495
201430 498
201487 503
201543 505
201600 515
201656 543
201712 540
201769 552
201825 554
201882 566
201938 578
201994 585
202051 594
202107 599
202164 609
202220 621
202276 626
202333 638
202389 636
202447 645
202503 651
202559 648
202616 657
202672 662
202729 659
202785 661
202841 653
202898 654
202954 654
203011 650
203067 645
203123 636
203180 636
203236 628
203293 617
203349 612
203405 599
203462 591
203519 580
203575 571
203632 566
203688 563
203744 551
203801 544
203857 533
203913 529
203970 525
204026 520
204083 505
204139 507
204195 507
204252 509
204308 502
204365 504
204429 507
204486 509
204542 512
204599 517
204655 513
204711 522
204768 533
204824 539
204881 535
204937 546
204993 561
205050 570
205106 569
205163 580
205219 588
205275 598
205332 600
205388 612
205469 621
205525 624
205582 627
205638 634
205694 634
205751 638
205807 638
205863 641
205920 641
205976 663
206033 647
206089 649
206145 639
206202 639
206258 632
206315 630
206371 621
206429 615
206485 612
206541 600
206598 594
206654 588
206711 577
206767 577
206823 565
206880 560
206936 549
206993 544
207049 543
207105 530
207162 530
207218 523
207274 521
207331 526
207387 517
207445 516
207501 521
207558 516
207614 521
207670 516
207727 525
207783 532
207840 532
207896 536
207952 540
208009 546
208065 585
208122 614
208178 635
208234 646
208291 664
208347 680
208404 674
208461 690
208517 695
208574 699
208630 699
208687 696
208743 695
208799 692
208856 684
208912 683
208969 673
209025 681
209081 659
209138 655
209194 647
209251 637
209307 636
209363 628
209421 624
209477 618
209534 616
209590 614
209647 610
209703 601
209759 607
209816 599
209872 602
209928 600
209985 598
210041 596
210098 596
210154 586
210210 595
210267 593
210323 606
210380 601
210437 598
210494 600
210550 601
210606 606
210663 599
210719 597
210776 594
210832 597
210888 596
210945 593
211001 591
211058 592
211114 594
211170 594
211227 596
211283 603
211339 593
211396 590
211453 593
211510 592
211566 597
211623 595
211679 600
211735 589
211792 591
211848 592
211905 585
211961 593
212017 592
212074 591
212130 595
212187 586
212243 590
212299 596
212356 581
212413 590
212470 588
212526 591
212582 589
212639 592
212695 586
212752 587
212808 588
212864 587
212921 591
212977 585
213034 594
213090 587
213146 586
213203 583
213259 583
213316 592
213372 584
213430 583
213486 586
213542 585
213599 586
213655 577
213712 591
213768 582
213824 587
213881 580
213937 578
213993 586
214050 588
214106 588
214163 583
214219 581
214275 586
214332 597
214388 583
214446 582
214502 583
214559 586
214615 602
214671 588
214728 597
214784 601
214841 595
214897 594
214953 589
215010 593
215066 597
215123 593
215179 593
215235 590
215292 589
215348 595
215404 593
215462 592
215518 586
215575 592
215631 599
215688 586
215744 591
215800 592
215857 590
215913 592
215970 584
216026 592
216082 588
216139 586
216195 590
216251 586
216308 591
216364 589
216422 586
216478 588
216535 592
216591 590
216647 589
216704 583
216760 587
216817 591
216873 587
216929 585
216986 584
217042 589
217099 590
217155 588
217211 585
217268 584
217324 585
217381 592
217438 585
217494 585
217551 590
217607 580
217664 585
217720 581
217776 585
217833 588
217889 589
217946 590
218002 583
218058 585
218115 589
218171 587
218228 585
218284 582
218340 583
218397 588
218454 583
218511 584
218567 588
218624 586
218680 582
218736 583
218793 585
218849 585
218905 605
218962 595
219018 592
219075 591
219131 593
219187 593
219244 591
219300 593
219357 595
219414 594
219471 591
219527 591
219583 595
219640 591
219696 589
219753 588
219809 589
219865 592
219922 588
219978 590
220035 591
220091 591
220147 592
220204 580
220260 591
220316 587
220373 590
220430 591
220487 586
220543 590
220600 591
220656 590
220712 589
220769 589
220825 589
220882 593
220938 589
220994 593
221051 594
221107 605
221164 592
221220 588
221276 588
221333 597
221389 588
221447 589
221503 584
221559 589
221616 588
221672 587
221729 586
221785 583
221841 586
221898 584
221954 586
222011 583
222067 586
222123 585
222180 585
222236 583
222293 585
222349 585
222405 587
222462 584
222519 584
222575 582
222632 578
222688 586
222744 579
222801 585
222857 586
222913 584
222970 585
223026 582
223083 581
223139 583
223195 584
223252 598
223308 593
223365 599
223429 596
223486 582
223542 590
223599 588
223655 595
223711 591
223768 589
223824 591
223881 593
223937 589
223993 592
224050 584
224106 588
224163 592
224219 590
224275 590
224332 589
224388 584
224469 587
224525 593
224582 585
224638 589
224694 589
224751 591
224807 609
224863 586
224920 588
224976 589
225033 588
225089 590
225145 587
225202 589
225258 588
225315 585
225371 589
225429 587
225485 588
225541 586
225598 586
225654 585
225711 589
225767 586
225823 585
225880 587
225936 589
225993 589
226049 584
226105 587
226162 582
226218 585
226274 582
226331 586
226387 588
226445 587
226501 584
226558 585
226614 583
226670 585
226727 587
226783 585
226840 589
226896 583
226952 583
227009 582
227065 579
227122 586
227178 586
227234 582
227291 583
227347 581
227404 587
227461 585
227517 582
227574 602
227630 590
227687 592
227743 598
227799 589
227856 590
227912 592
227969 593
228025 595
228081 579
228138 590
228194 594
228251 595
228307 597
228363 588
228421 593
228477 596
228534 588
228590 591
228647 588
228703 590
228759 590
228816 584
228872 590
228928 592
228985 588
229041 589
229098 585
229154 591
229210 589
229267 590
229323 591
229380 583
229437 586
229494 591
229550 584
229606 590
229663 588
229719 588
229776 585
229832 586
229888 585
229945 597
230001 584
230058 587
230114 584
230170 582
230227 587
230283 587
230339 589
230396 584
230453 586
230510 584
230566 581
230623 586
230679 582
230735 585
230792 585
230848 582
230905 586
230961 585
231017 586
231074 581
231130 583
231187 590
231243 589
231299 584
231356 578
231413 582
231470 589
231526 585
231582 578
