2 538
195 381
351 269
508 226
664 261
822 358
978 497
1135 659
1291 794
1447 883
1604 919
1760 863
1918 753
2074 608
2230 459
2387 341
2543 270
2700 277
2857 343
3014 461
3170 606
3326 737
3483 832
3639 872
3796 851
3953 762
4110 643
4266 501
4422 391
4579 309
4735 291
4893 332
5049 422
5205 546
5362 670
5518 776
5675 830
5832 839
5989 793
6145 694
6301 574
6458 455
6614 371
6771 332
6928 345
7085 414
7241 517
7397 632
7554 732
7710 801
7868 821
8024 793
8180 713
8337 607
8493 500
8650 404
8806 354
8964 355
9120 393
9276 478
9433 580
9589 681
9746 753
9966 797
10122 762
10278 710
10435 611
10591 508
10748 430
10905 381
11062 377
11218 420
11374 501
11531 591
11687 683
11845 745
12001 776
12158 759
12314 702
12470 626
12627 541
12783 458
12941 402
13097 391
13253 415
13410 474
13566 552
13723 630
13880 706
14037 741
14193 744
14349 704
14506 643
14662 574
14820 502
14976 445
15133 420
15289 432
15445 474
15602 542
15758 617
15916 680
16072 728
16228 737
16385 719
16541 666
16698 603
16855 528
17012 469
17168 437
17324 433
17481 460
17637 510
17794 575
17951 639
18108 692
18264 712
18420 704
18577 672
18733 619
18891 554
19047 509
19203 465
19360 454
19516 464
19673 507
19830 563
19987 622
20143 675
20299 699
20456 707
20612 682
20769 635
20926 578
21083 512
21239 472
21395 451
21552 453
21708 488
21866 534
22022 593
22178 642
22335 681
22491 686
22648 677
22804 639
22961 597
23117 537
23273 507
23430 474
23586 468
23743 488
23900 531
24057 586
24213 632
24369 671
24526 691
24682 686
24840 660
24996 615
25152 563
25309 517
25465 489
25622 475
25778 489
25936 515
26092 559
26248 606
26405 647
26561 668
26718 659
26875 649
27032 616
27188 575
27344 530
27501 500
27657 497
27815 500
27971 520
28127 555
28284 594
28440 634
28597 656
28753 666
28911 653
29067 639
29223 599
29380 551
29536 562
29693 647
29850 661
30007 655
30163 642
30319 629
30476 619
30632 604
30788 602
30946 603
31102 591
31259 597
31415 593
31572 594
31728 595
31886 609
32042 604
32198 599
32355 595
32511 596
32668 593
32825 599
32982 597
33138 596
33294 597
33451 595
33607 594
33763 592
33921 590
34077 592
34234 588
34390 587
34547 588
34703 589
34861 586
35017 591
35173 585
35330 585
35486 587
35643 583
35799 584
35957 585
36113 580
36269 595
36426 593
36582 592
36738 589
36896 588
37052 588
37209 589
37365 591
37522 592
37678 589
37836 591
37992 592
38148 588
38305 586
38461 589
38618 585
38774 590
38932 579
39088 581
39244 588
39401 579
39557 581
39713 582
39871 579
40027 583
40184 582
40340 584
40497 610
40653 592
40811 600
40967 595
41123 599
41280 595
41436 590
41593 594
41749 593
41907 593
42063 592
42219 591
42376 588
42532 590
42688 586
42846 590
43002 586
43159 584
43315 585
43472 584
43628 583
43784 587
43942 586
44098 587
44255 586
44411 587
44568 582
44724 582
44882 594
45038 595
45194 595
45351 591
45507 592
45663 592
45821 590
45977 588
46134 587
46290 592
46447 588
46603 591
46759 588
46917 585
47073 588
47230 587
47386 586
47543 592
47699 583
47857 581
48013 582
48169 582
48326 578
48482 583
48638 574
48795 588
48952 581
49109 582
49265 591
49422 589
49578 589
49734 590
49892 591
50048 592
50205 591
50361 593
50518 589
50674 591
50832 592
50988 584
51144 589
51301 586
51457 587
51613 584
51770 584
51927 582
52084 588
52240 584
52397 584
52553 587
52709 584
52867 581
53023 584
53180 585
53336 584
53493 593
53649 592
53805 589
53963 590
54119 591
54276 590
54432 591
54589 588
54745 589
54902 589
55059 590
55215 590
55372 589
55528 588
55684 588
55842 585
55998 585
56155 583
56311 577
56468 580
56624 579
56780 590
56938 585
57094 582
57251 583
57407 579
57564 582
57720 583
57877 591
58034 590
58190 589
58347 602
58503 597
58659 595
58817 597
58973 595
59130 592
59286 592
59443 582
59599 487
59755 344
59913 248
60069 230
60226 290
60382 403
60539 559
60695 713
60852 837
61009 904
61165 895
61322 820
61478 690
61634 539
61791 399
61948 294
62105 279
62261 300
62418 391
62574 525
62730 664
62888 787
63044 864
63201 878
63357 828
63514 730
63670 595
63827 459
63984 359
64140 303
64297 309
64453 371
64609 477
64766 608
64923 719
65080 805
65236 838
65393 818
65549 738
65705 627
65863 511
66019 402
66176 337
66332 318
66489 371
66645 452
66801 561
66959 682
67115 769
67272 819
67428 816
67584 765
67741 672
67898 562
68055 462
68211 385
68368 356
68524 365
68680 428
68838 522
68994 622
69151 714
69307 773
69464 787
69620 755
69776 692
69934 596
70090 501
70247 422
70403 379
70559 377
70716 418
70873 500
71030 594
71186 680
71343 749
71499 777
71655 759
71813 712
71969 629
72126 541
72282 461
72439 408
72595 390
72751 419
72909 479
73065 558
73222 644
73378 710
73534 756
73691 742
73848 710
74005 646
74161 561
74318 485
74474 426
74630 400
74787 414
74944 455
75101 553
75257 616
75414 685
75570 726
75726 744
75884 727
76040 670
76197 604
76353 531
76509 467
76666 436
76823 431
76980 459
77136 516
77293 583
77449 649
77605 698
77762 715
77919 706
78076 671
78232 613
78389 550
78545 489
78701 454
78859 443
79015 474
79172 500
79328 560
79484 630
79641 682
79797 705
79955 709
80111 685
80268 633
80424 576
80580 522
80737 475
80894 458
81051 466
81207 495
81364 544
81520 595
81676 645
81834 679
81990 693
82147 675
82303 638
82459 595
82616 534
82772 494
82930 467
83086 459
83243 481
83399 517
83555 567
83712 614
83869 672
84026 697
84182 689
84339 662
84495 617
84651 572
84809 522
84965 483
85122 475
85278 487
85434 517
85591 553
85747 605
85905 644
86061 666
86218 673
86374 659
86530 626
86687 578
86844 535
87001 506
87157 483
87314 483
87470 504
87626 541
87783 582
87940 625
88097 672
88253 671
88409 664
88566 633
88722 601
88880 556
89036 555
89193 650
89349 661
89505 657
89662 645
89819 632
89976 626
90132 616
90289 614
90445 608
90601 606
90758 600
90915 594
91072 595
91228 593
91384 590
91541 583
91697 593
91855 588
92011 587
92168 584
92324 581
92480 596
92637 593
92793 595
92951 598
93107 598
93264 597
93420 595
93576 597
93733 596
93890 587
94047 593
94203 587
94359 592
94516 594
94672 591
94830 590
94986 589
95143 589
95299 587
95455 597
95612 587
95768 585
95926 588
96082 584
96239 582
96395 581
96551 584
96708 580
96865 593
97022 594
97178 595
97334 598
97491 592
97647 590
97804 590
97960 589
98117 589
98273 593
98430 586
98586 591
98742 586
98960 588
99117 585
99273 587
99430 587
99586 587
99742 588
99960 580
100117 580
100273 579
100429 585
100586 583
100742 584
100900 583
101056 605
101213 587
101369 592
101525 591
101682 592
101839 590
101996 610
102152 587
102309 588
102465 584
102621 594
102778 585
102935 586
103092 578
103248 585
103404 582
103561 584
103717 582
103875 591
104031 596
104188 589
104344 588
104500 590
104657 588
104814 588
104971 584
105127 583
105284 583
105440 584
105596 594
105753 596
105910 592
106067 591
106223 589
106379 591
106536 590
106692 591
106850 589
107006 588
107163 591
107319 590
107475 586
107632 581
107788 586
107946 590
108102 591
108259 586
108415 583
108571 582
108728 586
108885 585
109042 586
109198 585
109354 582
109511 585
109667 584
109825 592
109981 592
110138 591
110294 590
110450 590
110607 590
110763 587
110921 585
111077 588
111234 584
111390 584
111546 584
111703 586
111860 584
112017 583
112173 587
112329 586
112486 584
112642 582
112799 584
112956 588
113113 585
113269 587
113425 585
113582 588
113738 586
113896 582
114052 604
114209 592
114365 593
114521 590
114678 595
114835 591
114992 588
115148 591
115304 588
115461 589
115617 589
115774 589
115931 588
116088 586
116244 588
116400 588
116557 588
116713 584
116871 588
117027 580
117184 582
117340 588
117496 584
117653 584
117810 585
117967 580
118123 581
118279 581
118436 590
118592 592
118749 596
118906 590
119063 530
119219 375
119375 258
119532 224
119688 260
119846 367
120002 523
120159 677
120315 815
120471 893
120628 906
120784 850
120942 725
121098 584
121254 431
121411 316
121567 265
121724 277
121881 350
122038 474
122194 624
122350 751
122507 846
122663 904
122821 854
122977 767
123134 636
123290 504
123446 377
123603 305
123759 299
123917 346
124073 447
124229 573
124386 703
124542 800
124699 852
124856 840
125013 774
125169 667
125325 540
125482 429
125638 346
125795 316
125952 342
126109 415
126265 526
126421 643
126578 747
126734 806
126892 817
127048 791
127204 699
127361 595
127517 483
127674 401
127831 354
127988 352
128144 407
128300 495
128457 600
128613 698
128770 768
128927 795
129084 773
129240 715
129396 618
129553 517
129709 431
129867 383
130023 371
130179 405
130336 479
130492 567
130649 660
130805 733
130963 774
131119 770
131275 731
131432 661
131588 567
131745 487
131902 420
132059 390
132215 412
132371 456
132528 536
132684 621
132842 696
132998 749
133154 760
133311 736
133467 675
133624 596
133780 513
133938 447
134094 406
134250 406
134407 440
134563 504
134720 584
134877 659
135034 710
135190 743
135346 728
135503 683
135659 634
135817 551
135973 486
136129 438
136286 427
136442 448
136599 495
136755 563
136913 629
137069 687
137225 722
137382 717
137538 694
137695 633
137852 564
138009 506
138165 461
138321 432
138478 443
138634 479
138791 541
138948 609
139104 661
139261 704
139417 714
139574 697
139730 653
139888 591
140044 541
140200 484
140357 462
140513 457
140670 482
140827 530
140984 585
141140 631
141296 682
141453 701
141609 694
141766 667
141923 615
142079 561
142236 511
142392 476
142549 468
142705 475
142863 507
143019 556
143175 609
143332 652
143488 675
143645 678
143801 657
143959 624
144115 567
144271 547
144428 505
144584 487
144741 489
144898 505
145054 542
145211 593
145367 629
145524 660
145680 667
145838 661
145994 634
146150 591
146307 550
146463 510
146620 489
146776 484
146934 506
147090 533
147246 575
147403 620
147559 651
147716 666
147873 662
148029 635
148186 607
148342 565
148499 531
148655 639
148813 664
148969 662
149125 650
149282 637
149438 624
149595 620
149751 616
149909 614
150065 603
150221 603
150378 606
150534 598
150691 590
150848 600
151004 589
151161 595
151317 595
151474 593
151630 592
151786 589
151944 590
152100 587
152257 586
152413 588
152570 586
152726 588
152884 583
153040 596
153196 595
153353 592
153509 591
153666 589
153823 589
153979 586
154136 585
154292 585
154449 586
154605 582
154761 588
154919 589
155075 586
155232 587
155388 585
155545 585
155701 585
155859 588
156015 592
156171 585
156328 590
156484 584
156641 586
156797 584
156954 584
157111 585
157267 595
157424 595
157580 592
157736 588
157894 590
158050 588
158207 588
158363 591
158520 592
158676 591
158834 584
158990 591
159146 584
159303 589
159459 589
159616 584
159772 587
159929 589
160086 589
160242 589
160399 588
160555 581
160711 584
160869 589
161025 585
161182 586
161338 584
161495 585
161651 593
161809 586
161965 584
162122 592
162278 584
162435 584
162591 583
162747 586
162905 585
163061 585
163218 582
163374 583
163531 585
163687 584
163845 592
164001 595
164157 592
164314 594
164470 587
164627 590
164783 590
164940 586
165097 587
165253 583
165410 586
165566 577
165722 583
165880 595
166036 592
166193 593
166349 592
166506 592
166662 589
166820 592
166976 590
167132 589
167289 579
167445 588
167602 588
167758 586
167915 585
168072 584
168228 585
168385 586
168541 583
168697 585
168855 587
169011 588
169168 585
169324 582
169481 585
169637 579
169793 583
169951 585
170107 580
170264 605
170420 590
170577 591
170733 590
170890 591
171047 588
171203 584
171360 587
171516 585
171672 589
171830 585
171986 586
172143 586
172299 583
172456 584
172612 584
172768 586
172926 588
173082 590
173239 589
173395 588
173552 591
173708 585
173865 584
174022 584
174178 584
174335 582
174491 580
174647 595
174804 589
174960 586
175117 590
175273 593
175430 590
175586 587
175742 593
175900 589
176056 588
176213 586
176369 592
176525 591
176682 588
176839 590
176996 588
177152 582
177309 582
177465 589
177621 591
177778 584
177935 583
178092 583
178248 583
178405 584
178561 524
178717 373
178875 282
179031 232
179188 267
179344 371
179500 518
179657 679
179814 814
179971 892
180127 907
180284 851
180440 737
180596 589
180753 440
180910 320
181067 260
181223 268
181380 334
181536 459
181692 608
181850 752
182006 847
182163 887
182319 855
182475 770
182632 644
182788 506
182946 382
183102 305
183259 299
183415 333
183571 438
183728 563
183885 694
184042 798
184198 850
184355 849
184511 788
184667 683
184825 560
184981 438
185138 355
185294 320
185450 338
185607 405
185763 522
185921 634
186077 739
186234 809
186390 820
186546 790
186703 704
186860 595
187017 481
187173 389
187330 341
187486 342
187642 403
187799 491
187956 596
188113 701
188269 780
188425 806
188582 790
188738 694
188896 631
189052 526
189209 429
189365 366
189521 359
189678 388
189835 460
189992 553
190148 652
190305 731
190461 772
190617 775
190774 733
190931 660
191088 572
191244 485
191400 412
191557 386
191713 384
191871 470
192027 528
192184 615
192340 699
192496 747
192653 761
192810 741
192967 684
193123 602
193280 521
193436 453
193592 416
193749 413
193906 443
194063 506
194219 580
194375 658
194532 706
194688 741
194846 729
195002 687
195159 620
195315 533
195471 485
195628 436
195784 418
195942 437
196098 484
196255 564
196411 630
196567 689
196724 723
196881 719
197038 696
197194 645
197350 584
197507 511
197663 463
197821 440
197977 445
198134 476
198290 525
198446 596
198603 649
198759 693
198917 723
199073 704
199230 667
199386 607
199542 548
199699 495
199856 456
200013 451
200169 471
200325 511
200482 577
200638 640
200795 682
200952 700
201109 700
201265 666
201421 623
201578 565
201734 514
201892 479
202048 467
202205 480
202361 510
202517 560
202674 607
202831 653
202988 678
203144 680
203300 665
203457 623
203613 578
203770 527
203927 490
204084 478
204240 475
204396 502
204553 541
204709 591
204867 641
205023 667
205180 679
205336 669
205492 643
205649 597
205805 553
205963 518
206119 490
206275 483
206432 509
206588 526
206745 569
206902 612
207059 643
207215 661
207371 657
207528 634
207684 603
207842 573
207998 539
208154 632
208311 659
208467 656
208624 647
208780 635
208938 622
209094 615
209250 618
209407 615
209563 620
209720 608
209877 601
210034 602
210190 603
210346 600
210503 602
210659 601
210817 597
210973 592
211129 597
211286 595
211442 593
211599 591
211755 594
211913 587
212069 586
212225 588
212382 589
212538 589
212695 584
212852 588
213009 585
213165 588
213321 584
213478 608
213634 594
213791 596
213948 593
214104 591
214261 593
214417 583
214574 585
214730 584
214888 577
215044 586
215200 587
215357 587
215513 589
215670 587
215827 585
215984 585
216140 584
216296 582
216453 586
216609 591
216766 592
216923 589
217079 588
217236 593
217392 586
217549 588
217705 582
217863 616
218019 594
218175 593
218332 593
218488 592
218645 590
218801 590
218959 588
219115 590
219271 590
219428 589
219584 588
219741 590
219898 590
220054 590
220211 590
220367 586
220524 590
220680 588
220838 587
220994 588
221150 583
221307 584
221463 590
221620 583
221776 584
221934 585
222090 584
222246 591
222403 593
222559 594
222716 594
222873 590
223029 587
223186 587
223342 581
223499 584
223655 583
223813 588
223969 586
224125 585
224282 589
224438 589
224595 586
224751 585
224909 589
225065 593
225221 584
225378 589
225534 589
225691 583
225848 588
226004 587
226161 586
226317 583
226474 596
226630 592
226786 595
226944 594
227100 589
227257 589
227413 592
227570 594
227726 591
227884 589
228040 590
228196 588
228353 586
228509 591
228666 587
228823 587
228979 585
229136 583
229292 588
229449 584
229605 583
229761 583
229919 585
230075 586
230232 581
230388 583
230545 580
230701 584
230859 593
231015 592
231171 593
231328 594
231484 592
231641 586
231797 591
231954 588
232111 583
232267 583
232424 577
232580 583
232736 582
232894 585
233050 583
233207 586
233363 575
233520 581
233676 583
233834 584
233990 589
234146 586
234303 585
234459 582
234616 584
234772 582
234929 579
235086 583
235242 590
235399 593
235555 592
235711 597
235869 591
236025 589
236182 593
236338 586
236495 590
236651 590
236809 588
236965 583
237122 586
237278 587
237435 589
237591 585
237747 584
237905 586
238061 535
238218 377
238374 264
238531 221
238687 253
238845 356
239001 502
239157 664
239314 793
239470 903
239627 920
239783 865
239940 743
240097 598
240253 445
240410 327
240566 261
240722 267
240880 338
241036 458
241193 605
241349 738
241506 837
241662 843
241820 861
241976 779
242132 652
242289 511
242445 391
242602 317
242758 295
242915 333
243072 429
243228 544
243385 679
243541 780
243697 837
243855 846
244011 790
244168 694
244324 569
244481 455
244637 361
244793 329
244951 340
245107 407
245264 513
245420 629
245577 737
245733 802
245890 821
246047 791
246203 710
246360 607
246516 493
246672 402
246830 348
246986 348
247143 397
247299 477
247456 586
247612 680
247768 762
247926 796
248082 779
248239 741
248395 643
248552 545
248708 441
248865 385
249022 365
249178 387
249335 458
249491 541
249647 641
249804 717
249960 768
250117 773
250273 736
250430 664
250586 577
250742 483
250900 421
251056 386
251213 384
251369 442
251525 516
251682 601
251839 682
251996 737
252152 752
252309 734
252465 689
252621 612
252778 527
252935 461
253092 420
253248 417
253405 446
253561 507
253717 584
253875 655
254031 707
254188 741
254344 726
254500 691
254657 630
254814 554
254971 489
255127 440
255284 425
255440 437
255596 486
255753 551
255910 620
256067 677
256223 713
256380 717
256536 690
256692 643
256850 587
257006 523
257163 475
257319 450
257475 451
257632 484
257788 538
257946 597
258102 650
258259 693
258415 703
258571 693
258728 644
258885 604
259042 544
259198 495
259355 462
259511 459
259667 476
259825 522
259981 578
260138 624
260294 664
260450 691
260607 687
260763 662
260921 618
261077 574
261234 524
261390 483
261546 472
261703 479
261860 516
262017 561
262173 612
262330 652
262486 681
262642 692
262799 665
262956 628
263113 592
263269 536
263425 498
263582 474
263738 466
263896 505
264052 540
264209 585
264365 627
264521 660
264678 673
264835 662
264992 635
265148 595
265305 549
265461 516
265617 499
265774 491
265931 501
266088 534
266244 568
266400 610
266557 641
266713 657
266871 660
267027 639
267184 609
267340 566
267496 532
267653 628
267810 656
267967 657
268123 647
268280 638
268436 625
268592 620
268749 615
268906 605
269063 609
269219 601
269375 600
269532 599
269688 594
269846 603
270002 603
270159 598
270315 597
270471 598
270628 597
270784 598
270942 594
271098 593
271255 595
271411 591
271567 592
271724 589
271881 578
272038 591
272194 590
272350 589
272507 585
272663 584
272821 586
272977 583
273134 586
273290 585
273446 587
273603 583
273759 585
273917 584
274073 601
274230 596
274386 590
274542 592
274699 591
274856 583
275013 585
275169 585
275325 584
275482 586
275638 611
275795 589
275952 585
276109 585
276265 585
276421 582
276578 586
276734 587
276892 592
277048 590
277205 592
277361 582
277517 587
277674 587
277831 583
277988 583
278144 586
278300 585
278457 594
278613 602
278770 593
278927 592
279084 592
279240 592
279396 593
279553 591
279709 589
279867 591
280023 586
280180 590
280336 589
280492 589
280649 588
280805 588
280963 586
281119 588
281275 585
281432 583
281588 585
281745 583
281902 586
282059 583
282215 583
282371 584
282528 586
282684 595
282842 590
282998 592
283154 591
283311 593
283467 588
283624 586
283780 590
283938 585
284094 588
284250 587
284407 595
284563 587
284720 587
284877 589
285034 590
285190 586
285346 583
285503 584
285659 584
285817 587
285973 590
286129 588
286286 588
286442 583
286599 588
286755 589
286913 579
287069 594
287225 592
287382 591
287538 589
287695 593
287852 592
288009 596
288165 589
288321 588
288478 588
288634 590
288791 590
288948 589
289104 585
289261 591
289417 582
289574 587
289730 584
289888 584
290044 585
290200 583
290357 583
290513 587
290670 583
290827 583
290984 583
291140 583
291296 583
291453 595
291609 592
291766 592
291923 586
292079 583
292236 586
292392 591
292549 583
292705 582
292863 579
293019 588
293175 585
293332 587
293488 586
293645 585
293801 582
293959 590
294115 591
294271 592
294428 591
294584 590
294741 590
294898 587
295054 582
295211 587
295367 583
295524 586
295680 606
295838 591
295994 592
296150 592
296307 591
296463 590
296620 590
296776 589
296934 591
297090 594
297246 586
297403 591
297559 552
297716 391
297873 274
298029 222
298186 250
298342 350
298499 498
298655 657
298813 799
298969 889
299125 913
299282 865
299438 749
299595 605
299751 453
299909 329
300065 276
300221 272
300378 339
300534 455
300691 602
300848 734
301004 839
301161 890
301317 861
301474 776
301630 653
301786 513
301944 394
302100 311
302257 294
302413 328
302570 424
302726 546
302884 679
303040 787
303196 841
303353 844
303509 790
303666 684
303823 563
303979 447
304136 353
304292 319
304449 349
304605 411
304761 514
304919 635
305075 732
305232 801
305388 826
305545 793
305701 714
305859 606
306015 499
306171 406
306328 356
306484 351
306641 398
306797 477
306954 583
307111 723
307267 757
307424 793
307580 778
307736 714
307894 640
308050 534
308207 450
308363 385
308520 365
308676 408
308834 465
308990 550
309146 642
309303 722
309459 761
309616 766
309772 727
309929 664
310086 595
310242 490
310399 428
310555 392
310711 400
310869 450
311025 518
311182 604
311338 680
311495 734
311651 758
311809 737
311965 682
312122 603
312278 519
312435 454
312591 410
312747 406
312905 437
313061 502
313218 585
313374 656
313531 715
313687 745
313845 737
314001 694
314157 631
314314 559
314470 485
314627 441
314783 426
314940 440
315097 490
315253 550
315410 624
315566 680
315722 717
315880 721
316036 683
316193 646
316349 578
316506 516
316662 462
316820 435
316976 441
317132 477
317289 553
317445 600
317602 659
317758 700
317915 712
318072 697
318228 658
318385 601
318541 545
318697 489
318855 462
319011 459
319168 478
319324 520
319481 577
319637 624
319793 672
319951 694
320107 686
320264 662
320420 615
320577 561
320733 510
