2 545
145 427
252 335
359 265
466 227
572 230
678 265
785 331
891 422
998 527
1104 637
1210 749
1318 831
1424 883
1531 916
1637 909
1743 873
1850 811
1956 714
2063 604
2169 499
2277 401
2383 322
2489 270
2596 249
2702 263
2809 303
2915 378
3021 466
3128 562
3234 665
3342 759
3448 830
3555 881
3661 879
3767 865
3874 817
3980 745
4086 658
4193 568
4300 471
4407 393
4513 332
4620 298
4726 291
4832 310
4939 365
5045 433
5152 524
5258 606
5366 695
5472 767
5578 829
5685 856
5791 857
5898 829
6004 768
6110 704
6217 624
6324 542
6431 464
6537 386
6643 338
6750 312
6856 319
6963 350
7069 398
7175 468
7283 550
7389 632
7496 703
7602 772
7709 809
7815 825
7921 819
8028 780
8134 735
8241 659
8348 577
8454 522
8561 451
8667 389
8774 370
8880 345
8986 360
9093 397
9199 446
9307 516
9413 584
9520 657
9626 723
9732 769
9839 796
9945 800
10052 780
10158 750
10264 697
10372 636
10478 565
10585 491
10691 433
10797 395
10904 371
11010 369
11117 378
11223 422
11331 472
11437 534
11543 600
11650 667
11756 710
11863 756
11969 778
12075 776
12182 758
12289 716
12396 661
12502 603
12609 535
12715 481
12821 438
12928 401
13034 387
13140 395
13247 416
13354 457
13461 501
13567 565
13674 626
13780 682
13886 726
13993 753
14099 766
14206 762
14313 733
14420 699
14526 648
14632 587
14739 529
14845 478
14952 435
15058 409
15164 397
15272 401
15378 434
15485 479
15591 528
15697 588
15804 632
15910 680
16017 715
16123 733
16229 742
16337 731
16443 701
16550 659
16656 616
16763 555
16869 504
16975 452
17082 441
17188 426
17296 424
17402 444
17508 466
17615 510
17721 558
17828 607
17934 655
18040 691
18147 720
18253 730
18361 728
18467 713
18574 685
18680 635
18786 592
18893 544
18999 504
19106 469
19212 439
19320 428
19426 435
19532 448
19639 485
19745 521
19851 564
19958 613
20064 654
20171 688
20278 708
20385 714
20491 706
20597 688
20704 654
20810 615
20917 571
21023 532
21129 492
21236 464
21343 450
21450 458
21556 465
21663 481
21769 513
21875 550
21982 591
22088 622
22194 660
22302 687
22408 700
22515 701
22621 699
22728 665
22834 642
22940 603
23047 566
23153 535
23260 496
23367 477
23474 467
23580 463
23686 467
23793 494
23899 519
24006 556
24112 596
24218 627
24326 657
24432 667
24539 683
24645 679
24751 668
24858 651
24964 617
25071 586
25177 554
25285 518
25391 493
25497 481
25604 466
25710 469
25817 501
25923 517
26029 545
26136 575
26242 613
26350 636
26456 663
26562 678
26669 677
26775 670
26882 660
26988 641
27094 611
27201 585
27308 545
27415 521
27521 500
27628 485
27734 485
27840 484
27947 502
28053 528
28160 555
28267 579
28374 618
28480 642
28586 652
28693 666
28799 669
28905 664
29012 643
29118 621
29225 595
29376 558
29482 528
29588 601
29695 641
29801 657
29908 653
30014 656
30120 645
30227 645
30379 638
30485 629
30592 621
30698 622
30805 622
30911 614
31017 612
31124 616
31230 614
31338 603
31444 603
31551 601
31657 602
31763 596
31870 598
31976 603
32082 598
32189 596
32296 597
32403 587
32509 590
32616 589
32722 589
32828 589
32935 589
33041 593
33148 590
33254 585
33362 588
33468 584
33574 585
33681 587
33787 590
33894 586
34000 592
34106 579
34213 584
34320 584
34427 603
34533 594
34639 593
34746 589
34852 594
34959 593
35065 592
35171 588
35279 592
35385 590
35492 591
35598 590
35705 591
35811 589
35917 591
36024 587
36130 589
36237 589
36344 592
36450 582
36557 586
36663 585
36770 586
36876 589
36982 581
37089 586
37195 581
37303 582
37409 585
37516 584
37622 590
37728 585
37835 586
37941 585
38048 588
38154 577
38260 586
38368 583
38474 582
38581 592
38687 582
38793 593
38900 589
39006 596
39113 591
39219 588
39327 586
39433 587
39539 589
39646 590
39752 593
39859 586
39965 591
40071 589
40178 593
40285 589
40392 587
40498 582
40604 584
40711 588
40817 587
40924 588
41030 580
41136 587
41243 581
41350 583
41457 589
41563 583
41670 576
41776 584
41882 590
41989 584
42095 582
42202 578
42309 584
42415 583
42522 586
42628 584
42735 580
42841 585
42947 579
43054 584
43160 595
43268 593
43374 587
43481 597
43587 589
43693 591
43800 593
43906 586
44013 585
44119 589
44225 591
44333 590
44439 587
44546 585
44652 591
44758 588
44865 586
44971 591
45078 578
45184 586
45292 590
45398 588
45504 583
45611 584
45717 587
45824 586
45930 583
46036 584
46143 582
46249 576
46357 581
46463 585
46570 582
46676 586
46782 578
46889 586
46995 583
47101 586
47208 581
47315 581
47422 597
47528 593
47635 593
47741 596
47847 594
47954 586
48060 587
48167 590
48274 592
48381 591
48487 586
48593 581
48700 588
48806 591
48913 591
49019 588
49125 592
49232 586
49339 586
49446 587
49552 579
49658 586
49765 586
49871 583
49978 584
50084 586
50190 586
50298 583
50404 577
50511 586
50617 587
50724 588
50830 578
50936 583
51043 582
51149 585
51256 584
51363 582
51469 577
51576 581
51682 585
51789 593
51895 599
52001 587
52108 596
52214 590
52322 590
52428 592
52535 585
52641 591
52747 589
52854 590
52960 589
53067 589
53173 580
53281 593
53387 585
53493 583
53600 591
53706 584
53812 590
53919 584
54025 588
54132 589
54238 585
54346 582
54452 586
54558 586
54665 588
54771 591
54878 579
54984 587
55090 583
55197 585
55304 589
55411 579
55517 573
55624 582
55730 587
55836 582
55943 582
56049 590
56155 592
56262 591
56368 589
56475 594
56581 587
56688 596
56794 587
56900 593
57007 594
57113 590
57219 588
57367 590
57473 588
57580 587
57686 591
57792 588
57899 591
58005 585
58112 581
58218 589
58365 587
58471 584
58577 585
58684 582
58790 584
58897 579
59003 581
59109 582
59216 581
59323 581
59430 587
59536 535
59642 427
59749 328
59855 253
59962 226
60068 214
60174 248
60282 316
60388 423
60495 530
60601 639
60708 740
60814 827
60920 891
61027 922
61133 921
61240 880
61347 803
61453 722
61560 620
61666 511
61773 421
61879 325
61985 278
62092 252
62198 261
62306 301
62412 369
62519 457
62625 558
62731 659
62838 752
62944 821
63051 861
63157 888
63263 872
63371 829
63477 763
63584 670
63690 578
63797 479
63903 398
64009 330
64116 284
64222 277
64330 299
64436 343
64542 412
64649 501
64755 594
64862 687
64968 763
65074 823
65181 859
65288 860
65395 838
65501 788
65608 719
65714 635
65820 548
65927 468
66033 392
66140 345
66246 314
66353 316
66460 339
66566 392
66673 454
66779 543
66885 624
66992 698
67098 766
67205 810
67312 832
67419 824
67525 800
67631 741
67738 673
67844 588
67951 520
68057 448
68163 387
68271 341
68377 330
68484 344
68590 379
68696 431
68803 493
68909 568
69016 658
69122 717
69228 773
69336 804
69442 813
69549 798
69655 762
69762 712
69868 642
69974 564
70081 506
70187 442
70295 391
70401 370
70508 356
70614 375
70720 412
70827 465
70933 527
71039 594
71146 661
71252 718
71360 757
71466 778
71573 785
71679 747
71785 727
71892 673
71998 617
72105 559
72211 488
72319 436
72425 395
72531 382
72638 381
72744 401
72851 439
72957 492
73063 549
73170 611
73277 669
73384 721
73490 755
73596 760
73703 759
73809 741
73916 700
74022 653
74128 599
74235 538
74342 482
74449 447
74555 419
74662 407
74768 408
74874 433
74981 475
75087 515
75194 574
75301 628
75407 679
75514 712
75620 741
75727 737
75833 734
75939 708
76046 669
76152 623
76259 565
76366 522
76473 471
76579 441
76685 422
76792 413
76898 418
77005 455
77111 492
77217 538
77325 592
77431 633
77538 676
77644 707
77750 733
77857 738
77963 714
78070 691
78176 652
78284 603
78390 555
78496 518
78603 466
78709 449
78816 434
78922 435
79028 453
79135 476
79241 514
79349 559
79455 606
79562 649
79668 678
79774 702
79881 722
79987 710
80093 696
80200 669
80307 624
80414 587
80520 542
80627 508
80733 471
80839 446
80946 442
81052 454
81159 470
81267 501
81374 542
81480 574
81586 616
81693 651
81799 677
81906 693
82012 714
82118 691
82225 676
82376 630
82482 594
82589 556
82695 520
82801 490
82908 474
83014 462
83121 470
83227 484
83379 518
83486 557
83592 592
83699 622
83805 654
83911 673
84018 688
84124 689
84231 672
84385 640
84492 615
84598 584
84705 569
84811 519
84917 487
85024 478
85130 476
85237 482
85344 496
85450 516
85557 538
85663 580
85770 613
85876 638
85982 660
86089 664
86195 670
86303 660
86409 660
86516 633
86622 599
86728 581
86835 544
86941 517
87048 501
87154 485
87260 480
87368 499
87474 513
87581 536
87687 565
87793 588
87900 621
88006 644
88113 658
88219 665
88327 666
88433 652
88539 638
88646 620
88752 589
88859 566
88965 536
89071 595
89178 643
89285 655
89392 658
89498 650
89604 645
89711 636
89817 625
89924 622
90030 615
90136 609
90243 607
90350 607
90457 603
90563 605
90670 611
90776 608
90882 608
90989 606
91095 605
91202 600
91309 596
91415 599
91522 600
91628 599
91735 597
91841 595
91947 595
92054 599
92160 595
92268 592
92374 593
92481 583
92587 593
92693 591
92800 593
92906 589
93013 580
93119 590
93225 589
93333 591
93439 590
93546 585
93652 585
93758 589
93865 584
93971 588
94078 592
94184 575
94292 584
94398 583
94504 595
94611 585
94717 581
94824 583
94930 580
95036 596
95143 596
95249 589
95357 589
95463 593
95570 591
95676 593
95782 598
95889 586
95995 588
96101 589
96208 586
96315 592
96422 587
96528 590
96635 588
96741 588
96847 591
96954 586
97060 582
97167 590
97274 584
97381 586
97487 586
97593 581
97700 586
97806 586
97913 586
98019 587
98125 581
98232 585
98339 582
98446 590
98552 585
98658 586
98765 580
98871 580
98978 581
99084 582
99190 584
99298 590
99404 589
99511 591
99617 592
99724 591
99830 589
99936 593
100043 589
100149 591
100256 590
100363 592
100469 586
100576 587
100682 589
100789 587
100895 588
101001 585
101108 578
101214 591
101322 590
101428 589
101535 588
101641 582
101747 586
101854 587
101960 587
102067 583
102173 583
102281 582
102387 587
102493 583
102600 585
102706 590
102812 580
102919 585
103025 582
103132 583
103238 585
103346 581
103452 583
103558 591
103665 592
103771 593
103878 594
103984 589
104090 589
104197 592
104304 589
104411 592
104517 585
104624 590
104730 589
104836 590
104943 592
105049 584
105155 586
105262 582
105368 585
105475 590
105581 585
105688 582
105794 588
105900 587
106007 585
106113 592
106219 581
106367 587
106473 589
106580 582
106686 584
106792 579
106899 579
107005 588
107112 583
107218 582
107365 591
107471 583
107577 559
107684 587
107790 584
107897 592
108003 594
108109 593
108216 597
108323 590
108430 590
108536 597
108642 585
108749 590
108855 596
108962 593
109068 590
109174 588
109282 583
109388 587
109495 593
109601 589
109708 588
109814 584
109920 587
110027 586
110133 588
110240 591
110347 586
110453 587
110560 584
110666 586
110773 585
110879 580
110985 583
111092 586
111198 584
111306 582
111412 588
111519 579
111625 587
111731 582
111838 583
111944 585
112051 578
112157 583
112263 603
112371 590
112477 589
112584 593
112690 588
112797 589
112903 599
113009 593
113116 591
113222 591
113330 588
113436 592
113542 591
113649 591
113755 585
113862 582
113968 587
114074 587
114181 586
114288 594
114395 584
114501 586
114608 585
114714 587
114820 586
114927 584
115033 586
115140 584
115246 587
115353 585
115460 588
115566 577
115673 583
115779 583
115885 582
115992 583
116098 580
116205 579
116312 581
116419 581
116525 582
116631 590
116738 591
116844 590
116951 592
117057 587
117163 596
117271 589
117377 593
117484 590
117590 592
117696 591
117803 587
117909 585
118016 590
118122 590
118228 592
118336 591
118442 585
118549 587
118655 588
118762 589
118868 589
118974 583
119081 499
119187 388
119295 297
119401 242
119508 222
119614 226
119720 275
119827 358
119933 451
120039 562
120146 669
120252 771
120360 845
120466 895
120573 914
120679 900
120785 839
120892 787
120998 686
121105 579
121211 479
121319 383
121425 311
121531 272
121638 259
121744 283
121851 329
121957 405
122063 498
122170 603
122277 695
122384 782
122490 837
122596 877
122703 889
122809 860
122916 803
123022 725
123128 637
123235 543
123342 452
123449 373
123555 316
123662 283
123768 290
123874 321
123981 371
124087 450
124194 528
124301 622
124407 704
124514 773
124620 828
124727 846
124833 841
124939 807
125046 751
125152 678
125259 606
125366 514
125473 446
125579 376
125685 334
125792 323
125898 326
126005 368
126111 417
126217 494
126325 575
126431 655
126538 720
126644 776
126750 816
126857 831
126963 815
127070 776
127176 722
127284 646
127390 571
127496 496
127603 450
127709 371
127816 349
127922 341
128028 356
128135 400
128241 446
128349 524
128455 595
128562 667
128668 733
128774 774
128881 796
128987 797
129093 779
129200 739
129307 686
129414 612
129520 543
129627 494
129733 429
129839 394
129946 366
130052 369
130159 390
130267 436
130374 491
130480 561
130586 620
130693 684
130799 732
130906 768
131012 782
131118 772
131225 750
131376 684
131482 628
131589 560
131695 498
131801 454
131908 415
132014 390
132121 394
132227 401
132379 455
132486 508
132592 566
132699 627
132805 677
132911 720
133018 746
133124 749
133231 744
133385 699
133492 646
133598 598
133705 546
133811 492
133917 461
134024 428
134130 418
134237 417
134344 434
134450 468
134557 508
134663 565
134770 617
134876 664
134982 704
135089 729
135195 740
135303 741
135409 711
135516 678
135622 638
135728 584
135835 535
135941 492
136048 458
136154 435
136260 417
136368 425
136474 453
136581 488
136687 527
136793 585
136900 617
137006 666
137113 695
137219 720
137327 723
137433 707
137539 685
137646 650
137752 608
137859 564
137965 520
138071 474
138178 455
138285 445
138392 442
138498 454
138604 475
138711 509
138817 551
138924 594
139030 637
139136 668
139243 690
139350 705
139457 710
139563 695
139670 682
139776 636
139882 601
139989 560
140095 522
140202 490
140309 462
140415 458
140522 454
140628 468
140735 496
140841 527
140947 560
141054 604
141160 636
141268 663
141374 690
141481 692
141587 692
141693 670
141800 642
141906 612
142013 570
142119 537
142225 507
142333 473
142439 459
142546 480
142652 485
142758 494
142865 521
142971 545
143078 591
143184 618
143292 649
143398 673
143504 687
143611 690
143717 683
143824 656
143930 638
144036 602
144143 569
144249 540
144357 502
144463 483
144570 473
144676 477
144782 486
144889 504
144995 522
145101 575
145208 598
145315 622
145422 650
145528 662
145635 676
145741 671
145847 666
145954 641
146060 614
146167 583
146274 556
146381 527
146487 501
146593 493
146700 473
146806 483
146913 505
147019 528
147125 556
147232 579
147339 603
147446 631
147552 646
147658 665
147765 667
147871 660
147978 640
148084 631
148190 606
148298 578
148404 549
148511 527
148617 623
148724 652
148830 660
148936 660
149043 654
149149 643
149256 634
149363 626
149469 624
149576 619
149682 614
149789 612
149895 608
150001 604
150108 602
150214 600
150322 598
150428 597
150535 599
150641 601
150747 590
150854 590
150960 588
151067 589
151173 612
151281 598
151387 600
151493 595
151600 596
151706 599
151812 590
151919 586
152025 595
152132 596
152238 598
152346 593
152452 589
152558 590
152665 590
152771 591
152878 589
152984 587
153090 589
153197 589
153304 588
153411 589
153517 587
153624 580
153730 586
153836 586
153943 585
154049 588
154155 585
154262 587
154368 586
154475 580
154581 588
154688 582
154794 585
154900 582
155007 585
155113 587
155219 581
155367 581
155473 584
155580 591
155686 590
155792 600
155899 593
156005 591
156112 597
156218 588
156365 589
156471 591
156577 590
156684 594
156790 582
156897 589
157003 594
157109 583
157216 585
157323 586
157430 585
157536 587
157642 587
157749 582
157855 588
157962 586
158068 587
158174 591
158282 584
158388 588
158495 587
158601 581
158708 588
158814 582
158920 584
159027 581
159133 582
159240 583
159347 585
159453 579
159560 581
159666 585
159773 581
159879 593
159985 585
160092 593
160198 590
160306 594
160412 591
160519 587
160625 585
160731 591
160838 591
160944 585
161051 595
161157 587
161263 590
161371 584
161477 596
161584 591
161690 587
161797 579
161903 595
162009 587
162116 586
162222 582
162330 581
162436 586
162542 583
162649 585
162755 583
162862 581
162968 585
163074 585
163181 583
163288 585
163395 585
163501 576
163608 580
163714 583
163820 584
163927 592
164033 576
164140 591
164246 593
164353 593
164460 591
164566 590
164673 586
164779 592
164885 590
164992 589
165098 589
165205 586
165312 587
165419 589
165525 590
165631 590
165738 591
165844 587
165951 587
166057 583
166163 585
166271 587
166377 576
166484 587
166590 582
166696 586
166803 594
166909 582
167016 585
167122 586
167228 584
167336 585
167442 594
167549 581
167655 588
167762 585
167868 586
167974 585
168081 578
168187 583
168295 581
168401 566
168508 596
168614 591
168720 584
168827 602
168933 592
169039 594
169146 588
169252 586
169360 591
169466 590
169573 593
169679 592
169785 588
169892 591
169998 591
170105 587
170211 592
170319 593
170425 586
170531 591
170638 588
170744 590
170851 588
170957 579
171063 584
171170 587
171277 583
171384 586
171490 586
171596 580
171703 596
171809 585
171916 586
172022 589
172128 581
172235 584
172342 581
172449 584
172555 585
172662 582
172768 586
172874 588
172981 593
173087 591
173194 592
173301 576
173407 588
173514 590
173620 591
173727 591
173833 588
173939 588
174046 593
174152 593
174259 589
174366 593
174473 583
174579 591
174685 585
174792 589
174898 593
175005 584
175111 585
175217 592
175325 591
175431 587
175538 583
175644 574
175750 587
175857 587
175963 586
176070 580
176176 582
176284 584
176390 586
176496 587
176603 593
176709 581
176816 582
176922 582
177028 580
177135 602
177241 591
177349 587
177455 591
177562 591
177668 584
177774 589
177881 584
177987 590
178093 590
178200 589
178307 586
178414 586
178520 559
178627 448
178733 353
178839 277
178946 237
179052 216
179159 247
179267 314
179374 395
179480 499
179586 612
179693 710
179799 805
179906 873
180012 908
180118 919
180225 879
180376 777
180482 693
180589 589
180695 486
180801 386
180908 321
181014 272
181121 258
181227 264
181379 347
181486 437
181592 533
181699 638
181805 721
181911 806
182018 857
182124 880
182231 877
182385 815
182492 745
182598 661
182705 569
182811 478
182917 403
183024 338
183130 305
183237 296
183344 313
183450 369
183557 434
183663 516
183770 602
183876 688
183982 759
184089 816
184195 838
184303 836
184409 819
184516 767
184622 702
184728 619
184835 529
184941 458
185048 385
185154 343
185260 324
185368 320
185474 352
185581 404
185687 470
185793 561
185900 631
186006 709
186113 761
186219 807
186327 830
186433 817
186539 780
186646 734
186752 665
186859 594
186965 521
187071 453
187178 402
187285 362
187392 347
187498 365
187604 394
187711 442
187817 505
187924 578
188030 643
188136 713
188243 761
188350 790
188457 795
188563 783
188670 751
188776 691
188882 632
188989 567
189095 499
189202 441
189309 397
189415 372
189522 367
189628 386
189735 421
189841 471
189947 528
190054 596
190160 665
190268 723
190374 757
190481 780
190587 773
190693 757
190800 721
190906 670
191013 612
191119 545
191225 490
191333 443
191439 411
191546 389
191652 403
191758 414
191865 454
191971 510
192078 562
192184 626
192292 676
192398 720
192504 747
192611 758
192717 755
192824 720
192930 682
193036 632
193143 583
193249 525
193357 475
193463 427
193570 406
193676 401
193782 414
193889 439
193995 475
194101 529
194208 583
194315 632
194422 699
194528 725
194635 739
194741 746
194847 733
194954 702
195060 664
195167 615
195274 560
195381 514
195487 472
195593 444
195700 426
195806 422
195913 441
196019 469
196125 507
196232 559
196339 601
196446 646
196552 693
196658 709
196765 725
196871 716
196978 703
197084 671
197190 634
197298 590
197404 548
197511 501
197617 468
197724 446
197830 438
197936 445
198043 460
198149 486
198256 526
198363 566
198469 615
198576 642
198682 671
198789 697
198895 712
199001 702
199108 684
199214 654
199322 613
199428 576
199535 537
199641 501
199747 477
199854 459
199960 457
200067 465
200173 485
200281 518
200387 547
200493 590
200600 626
200706 654
200812 680
200919 690
201025 694
201132 682
201238 664
201346 635
201452 606
201558 558
201665 527
201771 495
201878 474
201984 465
202090 459
202197 470
202304 493
202411 521
202517 561
202624 590
202730 618
202836 652
202943 669
203049 701
203155 695
203262 674
203368 660
203475 626
203581 594
203688 565
203794 518
203900 507
204007 486
204113 476
204219 479
204367 500
204473 524
204580 554
204686 585
204792 620
204899 647
205005 669
205112 678
205218 675
205365 665
205471 645
205577 612
205684 574
205790 551
205897 523
206003 500
206109 483
206216 477
206323 485
206430 499
206536 522
206642 546
206749 571
206855 600
206962 630
207068 650
207174 659
207282 667
207388 668
207495 655
207601 626
207708 605
207814 576
207920 547
208027 544
208133 628
208240 651
208347 664
208453 655
208560 643
208666 648
208773 630
208879 641
208985 627
209092 619
209198 617
209306 608
209412 606
209519 609
209625 608
209731 607
209838 598
209944 598
210051 598
210157 596
210263 592
210371 596
210477 593
210584 594
210690 595
210797 589
210903 591
211009 588
211116 591
211222 588
211330 594
211436 584
211542 586
211649 586
211755 599
211862 600
211968 590
212074 599
212181 595
212288 594
212395 593
212501 591
212608 585
212714 593
212820 593
212927 593
213033 600
213140 585
213246 593
213353 592
213460 586
213566 592
213673 583
213779 589
213885 587
213992 587
214098 592
214205 587
214312 581
214419 587
214525 585
214631 585
214738 589
214844 579
214951 590
215057 585
215163 586
215271 585
215377 580
215484 581
215590 583
215696 585
215803 587
215909 585
216016 595
216122 592
216228 590
216336 591
216442 592
216549 589
216655 590
216762 588
216868 592
216974 590
217081 584
217187 585
217295 588
217401 589
217508 586
217614 592
217720 584
217827 586
217933 585
218039 589
218146 591
218252 585
218360 582
218466 587
218573 584
218679 587
218785 588
218892 581
218998 585
219105 584
219211 585
219319 582
219425 581
219531 574
219638 583
219744 579
219851 587
219957 591
220063 578
220170 583
220277 582
220384 601
220490 595
220596 587
220703 593
220809 592
220916 592
221022 590
221128 585
221235 580
221342 592
221449 591
221555 592
221662 593
221768 586
221874 587
221981 587
222087 590
222194 588
222301 583
222407 585
222514 585
222620 590
222727 588
222833 592
222939 580
223046 586
223152 585
223259 587
223366 586
223473 578
223579 581
223685 581
223792 579
223898 585
224005 581
224111 578
224217 585
224325 564
224431 579
224538 580
224644 579
224750 593
224857 594
224963 587
225070 595
225176 581
225284 585
225390 591
225496 592
225603 588
225709 596
225816 587
225922 591
226028 590
226135 588
226241 589
226349 588
226455 584
226562 590
226668 588
226774 592
226881 596
226987 583
227093 588
227200 595
227307 581
227414 587
227520 579
227627 582
227733 579
227839 583
227946 582
228052 583
228159 577
228267 588
228374 586
228480 583
228586 586
228693 584
228799 583
228906 582
229012 606
229118 597
229225 596
229376 596
229482 593
229589 593
229695 594
229801 584
229908 594
230014 591
230121 596
230227 593
230379 591
230486 594
230592 591
230699 590
230805 588
230911 587
231018 588
231124 588
231231 587
231385 587
231492 591
231598 584
231705 586
231811 587
231917 585
232024 590
232130 583
232237 585
232344 581
232450 576
232557 582
232663 583
232770 591
232876 586
232982 582
233089 582
233195 579
233303 581
233409 596
233516 594
233622 594
233728 593
233835 588
233941 589
234048 589
234154 588
234260 593
234368 595
234474 583
234581 591
234687 588
234793 588
234900 593
235006 588
235113 590
235219 587
235327 591
235433 587
235539 594
235646 581
235752 587
235859 587
235965 584
236071 602
236178 581
236285 586
236392 582
236498 586
236604 583
236711 583
236817 576
236924 585
237030 583
237136 584
237243 582
237350 582
237457 584
237563 581
237670 583
237776 599
237882 586
237989 588
238095 490
238202 374
238309 300
238415 247
238522 220
238628 241
238735 288
238841 369
238947 467
239054 570
239160 685
239268 779
239374 852
239481 904
239587 911
239693 885
239800 851
239906 758
240013 665
240119 564
240225 466
240333 372
240439 301
240546 257
240652 256
240758 280
240865 337
240971 418
241078 512
241184 614
241292 713
241398 785
241504 846
241611 877
241717 878
241824 846
241930 784
242036 719
242143 629
242249 529
242357 440
242463 374
242570 308
242676 290
242782 296
242889 333
242995 393
243101 465
243208 558
243315 649
243422 730
243528 795
243635 837
243741 848
243847 840
243954 807
244060 742
244167 662
244274 574
244381 499
244487 418
244593 363
244700 327
244806 309
244913 329
245019 369
245125 433
245232 507
245339 589
245446 659
245552 735
245658 786
245765 818
245871 826
245978 800
246084 761
246190 700
246298 628
246404 562
246511 484
246617 418
246724 372
246830 348
246936 351
247043 374
247149 408
247256 475
247363 545
247469 618
247576 690
247682 739
247789 779
247895 801
248001 796
248108 771
248214 727
248322 666
248428 599
248535 531
248641 472
248747 419
248854 379
248960 365
249067 372
249173 400
249281 444
249387 502
249493 565
249600 628
249706 687
249812 735
249919 768
250025 772
250132 765
250238 734
250346 689
250452 631
250558 569
250665 498
250771 469
250878 423
250984 398
251090 390
251197 401
251304 431
251411 481
251517 535
251624 594
251730 646
251836 700
251943 739
252049 758
252155 762
252262 748
252368 706
252475 669
252581 614
252688 558
252794 502
252900 456
253007 423
253113 405
253219 405
253367 433
253473 476
253580 513
253686 573
253792 620
253899 674
254005 710
254112 738
254218 745
254365 725
254471 694
254577 651
254684 599
254790 550
254897 501
255003 482
255109 442
255216 425
255323 424
255430 443
255536 474
255642 521
255749 566
255855 611
255962 657
256068 693
256174 709
256282 729
256388 722
256495 699
256601 669
256708 637
256814 586
256920 548
257027 493
257133 460
257240 446
257347 437
257453 444
257560 465
257666 497
257773 536
257879 579
257985 622
258092 659
258198 680
258306 706
258412 710
258519 701
258625 685
258731 640
258838 604
258944 563
259051 526
259157 489
259263 455
259371 450
259477 453
259584 463
259690 488
259797 524
259903 555
260009 597
260116 638
260222 669
260330 686
260436 698
260542 698
260649 685
260755 665
260862 634
260968 594
261074 556
261181 522
261288 491
261395 474
261501 469
261608 464
261714 477
261820 502
261927 529
262033 567
262140 596
262246 631
262353 659
262460 676
262566 684
262673 681
262779 663
262885 643
262992 612
263098 580
263205 547
263312 515
263419 486
263525 479
263631 471
263738 486
263844 509
263951 523
264057 551
264163 581
264271 613
264377 641
264484 657
264590 674
264696 676
264803 678
264909 658
265016 633
265122 599
265228 575
265336 540
265442 516
265549 500
265655 487
265762 486
265868 494
265974 512
266081 533
266187 560
266295 589
266401 607
266508 636
266614 656
266720 671
266827 660
266933 653
267039 640
267146 614
267252 594
267360 556
267466 527
267573 588
267679 635
267785 650
267892 651
267998 657
268105 654
268211 648
268319 638
268425 636
268531 624
268638 620
268744 615
268851 613
268957 613
269063 605
269170 606
269277 607
269384 603
269490 602
269596 607
269703 592
269809 601
269916 598
270022 597
270128 599
270235 593
270342 586
270449 595
270555 591
270662 592
270768 596
270874 589
270981 590
271087 589
271194 584
271301 589
271407 586
271514 588
271620 583
271727 587
271833 584
271939 583
272046 579
272152 584
272259 585
272366 597
272473 595
272579 593
272685 590
272792 595
272898 594
273005 593
273111 590
273217 591
273325 599
273431 591
273538 592
273644 591
273750 579
273857 586
273963 599
274070 591
274176 591
274284 587
274390 587
274496 587
274603 585
274709 588
274816 582
274922 583
275028 584
275135 585
275241 584
275349 589
275455 581
275562 585
275668 583
275774 580
275881 587
275987 577
276093 584
276200 583
276307 579
276414 582
276520 583
276627 597
276733 590
276839 587
276946 591
277052 591
277159 588
277267 587
277374 590
277480 593
277586 591
277693 595
277799 586
277906 593
278012 589
278118 588
278225 593
278376 572
278482 589
278589 587
278695 590
278801 591
278908 584
279014 586
279121 587
279227 587
279379 580
279486 582
279592 583
279699 584
279805 584
279911 588
280018 581
280124 582
280231 585
280385 587
280492 583
280598 581
280705 575
280811 584
280917 582
281024 596
281130 598
281237 587
281344 591
281450 590
281557 591
281663 594
281770 586
281876 591
281982 588
282089 591
282195 589
282303 585
282409 589
282516 585
282622 589
282728 586
282835 586
282941 581
283048 587
283154 585
283260 587
283368 586
283474 583
283581 584
283687 587
283793 587
283900 584
284006 590
284113 583
284219 586
284327 580
284433 585
284539 588
284646 583
284752 581
284859 580
284965 582
285071 583
285178 582
285285 599
285392 590
285498 590
285604 592
285711 592
285817 588
285924 610
286030 590
286136 593
286243 593
286350 595
286457 585
286563 590
286670 589
286776 588
286882 587
286989 582
287095 589
287202 585
287309 584
287415 585
287522 584
287628 582
287735 584
287841 586
287947 589
288054 595
288160 583
288268 584
288374 587
288481 584
288587 586
288693 581
288800 580
288906 583
289013 586
289119 584
289225 577
289333 580
289439 581
289546 584
289652 598
289758 595
289865 589
289971 591
290078 592
290184 593
290292 593
290398 588
290504 591
290611 592
290717 587
290824 602
290930 595
291036 586
291143 588
291249 587
291357 586
291463 592
291570 585
291676 589
291782 585
291889 584
291995 584
292101 583
292208 581
292315 587
292422 582
292528 581
292635 585
292741 583
292847 584
292954 583
293060 582
293167 588
293274 587
293381 578
293487 584
293593 583
293700 572
293806 587
293913 579
294019 592
294125 588
294232 592
294339 593
294446 590
294552 583
294658 590
294765 593
294871 587
294978 597
295084 585
295190 593
295298 588
295404 589
295511 592
295617 585
295724 572
295830 590
295936 588
296043 587
296149 598
296256 577
296363 586
296469 584
296576 585
296682 587
296789 579
296895 584
297001 583
297108 582
297214 587
297322 579
297428 582
297535 547
297641 437
297747 337
297854 273
297960 222
298067 217
298173 247
298281 333
298387 414
298493 514
298600 624
298706 732
298812 821
298919 881
299025 913
299132 912
299238 877
299346 810
299452 720
299558 621
299665 516
299771 421
299878 339
299984 287
300090 261
300197 264
300304 300
300411 369
300517 458
300624 595
300730 656
300836 738
300943 817
301049 861
301155 883
301262 873
301368 822
301475 757
301581 672
301688 581
301794 487
301900 399
302007 336
302113 296
302219 279
302367 304
302473 351
302580 436
302686 533
302792 630
302899 710
303005 785
303112 836
303218 859
303365 851
303471 802
303577 744
303684 667
303790 575
303897 490
304003 414
304109 357
304216 324
304323 302
304430 324
304536 373
304642 434
304749 512
304855 593
304962 669
305068 737
305174 793
305282 824
305388 832
305495 804
305601 759
305708 693
305814 623
305920 547
306027 466
306133 404
306240 362
306347 337
306453 343
306560 365
306666 404
306773 470
306879 536
306985 627
307092 697
307198 765
307306 787
307412 810
307519 802
307625 782
307731 733
307838 663
307944 599
308051 523
308157 458
308263 414
308371 372
308477 369
308584 374
308690 401
308797 450
308903 514
309009 573
309116 642
309222 702
309330 745
309436 777
309542 782
309649 767
309755 740
309862 689
309968 632
310074 563
310181 504
310288 449
310395 408
310501 384
310608 384
310714 392
310820 429
310927 475
311033 525
311140 593
311246 644
311353 703
311460 744
311566 762
311673 766
311779 745
311885 708
311992 670
312098 613
312205 562
312312 504
312419 454
312525 423
312631 407
312738 409
312844 429
312951 469
313057 503
313163 560
313271 610
313377 659
313484 703
313590 726
313696 742
313803 739
313909 717
314016 686
314122 637
314228 588
314336 537
314442 492
314549 462
314655 433
314762 412
314868 426
314974 446
315081 480
315187 525
315295 571
315401 617
315508 661
315614 716
315720 724
315827 732
315933 719
316039 700
316146 664
316252 620
316360 572
316466 524
316573 488
316679 455
316785 440
316892 436
316998 433
317105 471
317211 506
317319 550
317425 593
317531 637
317638 668
317744 699
317851 710
317957 714
318063 703
318170 668
318277 630
318384 599
318490 558
318596 517
318703 478
318809 450
318916 444
319022 446
319128 459
319235 489
319342 520
319449 550
319555 600
319662 638
319768 669
319874 678
319981 704
320087 704
320194 690
320301 659
320407 628
320514 582
320620 550
320727 514
320833 488
320939 471
321046 463
321152 467
321259 494
321366 514
321473 548
321579 585
321685 612
321792 647
321898 667
322005 683
322111 685
322217 671
322325 657
322431 629
322538 600
322644 562
322750 530
322857 500
322963 487
323070 456
323176 474
323284 485
323390 498
323496 528
323603 557
323709 594
323816 622
323922 641
324028 656
324135 669
324241 679
324349 664
324455 651
324562 615
324668 596
324774 568
324881 533
324987 511
325093 495
325200 488
325307 494
325414 507
325520 524
325627 547
325733 574
325839 606
325946 630
326052 645
326159 665
326267 666
326374 648
326480 647
326586 629
326693 606
326799 581
326906 551
327012 529
327118 625
327225 636
327376 654
327482 653
327589 645
327695 635
327801 632
327908 625
328014 620
328121 615
328227 611
328379 606
328486 604
328592 625
328699 605
328805 607
328911 607
329018 603
329124 608
329231 601
329385 604
329492 605
329598 600
329705 599
329811 600
329917 600
330024 597
330130 600
330237 590
330344 592
330450 593
330557 593
330663 590
330770 593
330876 586
330982 591
331089 590
331195 589
331303 589
331409 587
331516 579
331622 588
331728 585
331835 586
331941 589
332048 586
332154 585
332260 582
332368 587
332474 583
332581 587
332687 586
332793 580
332900 588
333006 593
333113 592
333219 592
333327 591
333433 589
333539 591
333646 596
333752 587
333859 590
333965 591
334071 588
334178 592
334285 585
334392 583
334498 590
334604 587
334711 593
334817 591
334924 590
335030 585
335136 589
335243 585
335350 587
335457 587
335563 583
335670 590
335776 586
335882 586
335989 580
336095 580
336202 582
336309 582
336415 583
336522 585
336628 581
336735 582
336841 582
336947 582
337054 586
337160 580
337268 589
337374 585
337481 587
337587 592
337693 590
337800 590
337906 594
338013 590
338119 589
338225 592
338333 587
338439 583
338546 590
338652 590
338758 588
338865 598
338971 582
339078 587
339184 588
339292 585
339398 585
339504 584
339611 586
339717 582
339824 584
339930 586
340036 580
340143 579
340249 583
340357 587
340463 587
340570 587
340676 582
340782 583
340889 587
340995 583
341101 585
341208 580
341315 582
341422 585
341528 582
341635 594
341741 594
341847 587
341954 591
342060 595
342167 592
342274 603
342381 585
342487 587
342593 590
342700 582
342806 592
342913 588
343019 586
343125 586
343232 592
343339 594
343446 593
343552 584
343658 583
343765 586
343871 586
343978 588
344084 583
344190 588
344298 582
344404 583
344511 585
344617 588
344724 589
344830 589
344936 584
345043 584
345149 585
345256 579
345363 578
345469 583
345576 583
345682 587
345789 588
345895 578
346001 591
346108 592
346214 591
346322 591
346428 591
346535 591
346641 587
346747 588
346854 590
346960 588
347067 584
347173 590
347281 590
347387 589
347493 591
347600 586
347706 587
347812 587
347919 589
348025 588
348132 582
348238 587
348346 590
348452 584
348558 586
348665 590
348771 581
348878 584
348984 584
349090 584
349197 586
349304 583
349411 585
349517 582
349624 584
349730 584
349836 583
349943 588
350049 583
350155 581
350262 596
350368 598
350475 590
350581 591
350688 592
350794 592
350900 596
351007 588
351113 592
351219 590
351367 586
351473 615
351580 589
351686 589
351792 593
351899 597
352005 582
352112 589
352218 590
352365 587
352471 586
352577 589
352684 586
352790 584
352897 578
353003 580
353109 583
353216 586
353323 593
353430 579
353536 584
353642 579
353749 584
353855 588
353962 579
354068 583
354174 586
354282 582
354388 582
354495 586
354601 590
354708 595
354814 590
354920 595
355027 595
355133 587
355240 589
355347 592
355453 589
355560 590
355666 598
355773 586
355879 590
355985 584
356092 588
356198 584
356306 585
356412 588
356519 586
356625 588
356731 587
356838 584
356944 579
357051 537
357157 421
357263 331
357371 263
357477 221
357584 224
357690 256
357797 328
357903 419
358009 524
358116 636
358222 740
358330 820
358436 885
358542 912
358649 894
358755 864
358862 789
358968 717
359074 612
359181 499
359288 403
359395 331
359501 278
359608 258
359714 270
359820 312
359927 385
360033 473
360140 570
360246 674
360353 758
360460 831
360566 873
360673 887
360779 871
360885 817
360992 754
361098 664
361205 570
361312 476
361419 398
361525 328
361631 294
361738 286
361844 305
361951 353
362057 417
362163 504
362271 601
362377 685
362484 762
362590 818
362696 836
362803 845
362909 820
363016 774
363122 672
363228 639
363336 546
363442 466
363549 395
363655 348
363762 323
363868 315
363974 355
364081 400
364187 470
364295 548
364401 631
364508 703
364614 766
364720 804
364827 829
364933 815
365039 790
365146 735
365252 673
365360 595
365466 523
365573 445
365679 391
365785 355
365892 340
365998 351
366105 383
366211 434
366319 501
366425 571
366531 643
366638 708
366744 759
366851 789
366957 799
367063 787
367170 758
367277 698
367384 634
367490 565
367596 503
367703 448
367809 400
367916 371
368022 368
368128 384
368235 423
368342 475
368449 522
368555 605
368662 667
368768 720
368874 763
368981 781
369087 781
369194 761
369301 725
369407 672
369514 621
369620 541
369727 489
369833 437
369939 397
370046 390
370152 381
370259 406
370366 446
370473 497
370579 559
370685 610
370792 663
370898 719
371005 744
371111 757
371217 749
371325 722
371431 687
371538 639
371644 582
371750 527
371857 490
371963 445
372070 420
372176 413
372284 419
372390 446
372496 484
372603 531
372709 585
372816 636
372922 684
373028 713
373135 737
373241 740
373349 724
373455 703
373562 658
373668 619
373774 567
373881 512
373987 475
374093 450
374200 424
374307 423
374414 434
374520 463
374627 508
374733 547
374839 597
374946 638
375052 676
375159 703
375267 722
375374 717
375480 703
375586 671
375693 637
375799 592
375906 548
376012 493
376118 467
376225 458
376376 448
376482 444
376589 475
376695 507
376801 546
376908 592
377014 628
377121 668
377227 694
377379 711
377486 710
377592 690
377699 664
377805 630
377911 591
378018 553
378124 508
378231 480
378385 455
378492 454
378598 463
378705 492
378811 508
378917 556
379024 590
379130 628
379237 658
379344 676
379450 684
379557 690
379663 679
379770 657
379876 630
379982 584
380089 551
380195 520
380303 492
380409 474
380516 479
380622 479
380728 488
380835 510
380941 543
381048 572
381154 596
381260 638
381368 666
381474 685
381581 690
381687 676
381793 668
381900 643
382006 613
382113 580
382219 549
382327 512
382433 492
382539 477
382646 472
382752 480
382859 498
382965 522
383071 550
383178 585
383285 611
383392 635
383498 655
383604 671
383711 672
383817 669
383924 644
384030 614
384136 593
384243 561
384350 533
384457 512
384563 488
384670 480
384776 477
384882 503
384989 520
385095 541
385202 570
385309 599
385415 626
385522 658
385628 665
385735 664
385841 670
385947 663
386054 635
386160 617
386268 586
386374 553
386481 534
386587 604
386693 650
386800 658
386906 659
387013 656
387119 651
387225 640
387333 633
387439 617
387546 617
387652 611
387758 608
387865 608
387971 607
388078 601
388184 602
388292 598
388398 598
388504 602
388611 590
388717 595
388824 591
388930 588
389036 596
389143 610
389249 598
389357 600
389463 596
389570 596
389676 598
389782 592
389889 597
389995 590
390101 597
390208 594
390315 590
390422 596
390528 591
390635 588
390741 590
390847 586
390954 582
391060 592
391167 588
391274 585
391381 590
391487 584
391593 588
391700 586
391806 590
391913 588
392019 587
392125 589
392232 587
392339 587
392446 582
392552 591
392658 580
392765 586
392871 586
392978 586
393084 587
393190 580
393298 570
393404 583
393511 598
393617 595
393724 601
393830 588
393936 591
394043 592
394149 591
394256 595
394363 589
394469 592
394576 592
394682 592
394789 590
394895 588
395001 582
395108 586
395214 585
395322 588
395428 595
395535 585
395641 587
395747 588
395854 587
395960 587
396067 582
396173 584
396281 582
396387 586
396493 587
396600 589
396706 582
396812 585
396919 584
397025 586
397132 586
397238 580
397346 586
397452 583
397558 583
397665 584
397771 584
397878 587
397984 589
398090 591
398197 592
398304 592
398411 585
398517 592
398624 585
398730 592
398836 592
398943 591
399049 589
399155 589
399262 582
399368 587
399475 586
399581 586
399688 590
399794 594
399900 587
400007 595
400113 584
400219 589
400367 590
400473 593
400580 586
400686 587
400792 586
400899 590
401005 580
401112 584
401218 584
401365 583
401471 583
401577 584
401684 584
401790 583
401897 580
402003 582
402109 583
402216 593
402323 597
402430 592
402536 586
402642 589
402749 594
402855 589
402962 594
403068 583
403174 592
403282 590
403388 589
403495 585
403601 586
403708 585
403814 587
403920 589
404027 586
404133 592
404240 582
404347 585
404453 586
404560 582
404666 585
404773 572
404879 585
404985 582
405092 586
405198 586
405306 584
405412 580
405519 580
405625 583
405731 585
405838 586
405944 580
406051 584
406157 585
406263 580
406371 580
406477 605
406584 587
406690 593
406797 589
406903 594
407009 594
407116 593
407222 590
407330 588
407436 591
407542 588
407649 586
407755 580
407862 589
407968 585
408074 590
408181 597
408288 587
408395 589
408501 592
408608 588
408714 589
408820 590
408927 586
409033 585
409140 590
409246 590
409353 588
409460 582
409566 586
409673 588
409779 589
409885 590
409992 579
410098 586
410205 584
410312 586
410419 585
410525 581
410631 581
410738 581
410844 593
410951 592
411057 597
411163 589
411271 592
411377 592
411484 590
411590 591
411696 586
411803 588
411909 589
412016 589
412122 597
412228 586
412336 585
412442 591
412549 590
412655 590
412762 589
412868 584
412974 586
413081 589
413187 588
413295 585
413401 591
413508 581
413614 585
413720 585
413827 587
413933 589
414039 587
414146 590
414252 582
414360 586
414466 582
414573 583
414679 576
414785 582
414892 582
414998 582
415105 590
415211 588
415319 593
415425 589
415531 592
415638 588
415744 588
415851 589
415957 588
416063 592
416170 589
416277 587
416384 588
416490 589
416596 488
416703 384
416809 301
416916 240
417022 219
417128 237
417235 284
417342 365
417449 461
417555 566
417662 683
417768 777
417874 857
417981 906
418087 915
418194 896
418301 839
418407 760
418514 660
418620 556
418727 451
418833 364
418939 289
419046 257
419152 243
419259 271
419366 331
419473 415
419579 515
419685 620
419792 710
419898 793
420005 850
420111 887
420217 889
420325 864
420431 796
420538 721
420644 625
420750 534
420857 447
420963 368
421070 318
421176 288
421284 293
421390 327
421496 379
421603 455
421709 550
421816 639
421922 718
422028 795
422135 825
422241 850
422349 839
422455 807
422562 743
422668 666
422774 587
422881 496
422987 424
423093 368
423200 324
423307 311
423414 330
423520 367
423627 424
423733 501
423839 587
423946 665
424052 735
424159 791
424267 819
424374 828
424480 805
424586 771
424693 706
424799 636
424906 564
425012 486
425118 426
425225 373
425376 348
425482 353
425589 377
425695 431
425801 497
425908 566
426014 638
426121 697
426227 754
426379 796
426486 798
426592 783
426699 732
426805 681
426911 615
427018 541
427124 486
427231 422
427385 370
427492 368
427598 373
427705 407
427811 452
427917 509
428024 578
428130 655
428237 705
428344 754
428450 774
428557 781
428663 767
428770 741
428876 687
428982 631
429089 570
429195 508
429303 457
429409 420
429516 396
429622 381
429728 409
429835 441
429941 488
430048 544
430154 596
430260 658
430368 703
430474 739
430581 757
430687 766
430793 729
430900 703
431006 654
431113 601
431219 548
431327 487
431433 444
431539 419
431646 416
431752 410
431859 427
431965 458
432071 504
432178 564
432285 616
432392 663
432498 715
432604 737
432711 747
432817 740
432924 709
433030 677
433136 632
433243 580
433350 527
433457 488
433563 451
433670 424
433776 423
433882 434
433989 462
434095 494
434202 540
434309 587
434415 633
434522 669
434628 700
434735 721
434841 724
434947 711
435054 683
435160 648
435268 610
435374 553
435481 518
435587 478
435693 450
435800 435
435906 432
436013 450
436119 472
436225 511
436333 551
436439 600
436546 634
436652 669
436758 730
436865 712
436971 711
437078 692
437184 670
437292 632
437398 580
437504 551
437611 522
437717 477
437824 464
437930 457
438036 459
