2 572
145 520
252 464
358 420
464 394
571 364
677 349
845 343
951 360
1058 379
1164 412
1271 449
1377 487
1483 547
1590 581
1699 630
1806 681
1912 722
2019 754
2125 772
2231 788
2338 799
2444 792
2550 776
2657 751
2811 707
2918 666
3024 623
3130 572
3237 530
3343 482
3450 446
3556 420
3662 404
3770 389
3876 376
3983 380
4089 392
4196 410
4302 440
4408 462
4515 510
4621 558
4729 596
4835 646
4941 680
5048 702
5154 735
5261 754
5367 768
5473 775
5580 766
5686 756
5794 729
5900 702
6007 671
6113 630
6219 589
6326 555
6432 517
6539 483
6645 459
6753 424
6859 411
6965 400
7072 399
7178 405
7284 416
7391 434
7497 465
7604 501
7711 536
7818 572
7924 617
8030 652
8137 681
8243 707
8350 731
8456 740
8562 748
8669 747
8776 734
8883 723
8989 699
9096 670
9202 640
9308 598
9415 574
9521 541
9627 498
9735 470
9841 456
9948 436
10054 430
10161 422
10267 423
10373 439
10480 453
10586 473
10694 508
10800 531
10907 560
11013 592
11119 623
11226 659
11332 668
11439 692
11545 705
11651 715
11759 716
11865 714
11972 688
12078 679
12185 656
12291 655
12397 620
12504 586
12610 565
12718 530
12824 507
12930 480
13037 477
13143 452
13250 457
13356 452
13462 461
13569 472
13675 482
13783 508
13889 532
13996 557
14102 586
14208 616
14315 627
14421 659
14528 673
14634 685
14742 695
14848 693
14954 695
15061 686
15167 673
15273 657
15380 632
15486 615
15593 590
15700 564
15807 539
15913 517
16019 491
16126 485
16232 467
16339 464
16445 467
16551 461
16658 485
16765 499
16872 514
16978 531
17085 549
17191 573
17297 599
17404 624
17510 631
17616 663
17724 666
17830 683
17937 684
18043 684
18150 678
18256 668
18362 650
18469 637
18575 621
18682 600
18789 580
18896 548
19002 536
19108 519
19215 503
19321 491
19428 480
19534 478
19640 480
19748 490
19854 497
19961 510
20067 521
20173 541
20280 561
20386 581
20493 607
20599 613
20707 639
20813 649
20919 686
21026 675
21132 674
21239 668
21345 665
21451 659
21558 646
21664 629
21772 609
21878 591
21984 571
22091 554
22197 536
22304 520
22410 512
22516 504
22623 498
22730 496
22837 502
22943 500
23050 516
23156 524
23262 544
23369 559
23475 572
23582 589
23688 605
23795 621
23902 636
24008 641
24114 644
24221 658
24327 655
24434 652
24540 644
24646 630
24754 621
24860 608
24967 593
25073 579
25180 555
25286 560
25392 539
25499 523
25605 518
25713 514
25819 503
25925 511
26032 513
26138 522
26245 536
26351 534
26457 555
26564 570
26670 590
26778 602
26884 612
26991 618
27097 638
27203 639
27310 643
27416 651
27523 644
27629 640
27736 633
27843 623
27949 613
28056 594
28162 583
28268 566
28375 554
28481 541
28588 528
28695 520
28802 516
28908 490
29014 514
29121 514
29227 517
29334 526
29440 539
29546 572
29653 637
29760 670
29867 680
29973 699
30079 702
30186 705
30292 706
30399 683
30505 675
30611 662
30719 648
30825 639
30932 624
31038 610
31145 613
31251 606
31357 604
31464 601
31570 593
31677 600
31784 594
31891 594
31997 599
32103 592
32210 589
32316 591
32422 587
32529 595
32635 585
32743 585
32849 589
32956 591
33062 589
33168 588
33275 584
33381 589
33488 588
33594 588
33702 584
33808 580
33914 592
34021 595
34127 597
34234 594
34340 600
34446 584
34553 593
34659 600
34767 590
34873 592
34979 590
35086 592
35192 590
35299 591
35405 590
35511 588
35618 590
35725 590
35832 587
35938 587
36045 590
36151 588
36257 587
36364 586
36470 587
36577 586
36683 600
36790 582
36897 587
37003 585
37110 589
37216 587
37322 583
37429 582
37535 585
37642 585
37749 580
37856 582
37962 575
38068 581
38175 580
38281 596
38388 591
38494 586
38600 594
38708 593
38814 594
38921 594
39027 593
39133 589
39240 590
39346 594
39453 590
39559 592
39665 581
39773 589
39879 588
39986 590
40092 588
40199 586
40305 592
40411 590
40518 585
40624 591
40732 580
40838 580
40945 587
41051 585
41157 586
41264 589
41370 582
41476 589
41583 587
41689 585
41796 587
41902 582
42008 576
42115 588
42221 588
42328 589
42434 583
42540 582
42647 593
42754 599
42861 593
42967 598
43074 590
43180 592
43286 592
43393 597
43499 596
43606 591
43713 591
43819 590
43926 597
44032 587
44139 590
44245 580
44351 589
44458 585
44564 588
44671 601
44778 584
44885 590
44991 590
45097 588
45204 589
45310 586
45417 588
45523 584
45629 587
45737 585
45843 590
45950 582
46056 586
46162 582
46269 586
46375 581
46482 580
46588 585
46696 579
46802 584
46908 597
47015 592
47121 592
47228 592
47334 590
47440 592
47547 597
47653 589
47761 592
47867 588
47974 591
48080 592
48186 589
48293 586
48399 588
48505 590
48612 589
48719 595
48826 583
48932 588
49039 585
49145 589
49251 588
49358 582
49464 589
49571 586
49677 588
49785 584
49891 593
49997 580
50104 588
50210 587
50317 588
50423 589
50529 584
50636 582
50743 582
50850 584
50956 583
51062 581
51169 574
51275 593
51382 593
51488 592
51594 599
51702 589
51808 591
51915 595
52021 589
52128 592
52234 589
52340 588
52447 590
52553 588
52660 589
52767 588
52873 590
52980 592
53086 586
53193 585
53299 589
53405 586
53512 585
53618 587
53726 588
53832 584
53939 586
54045 581
54151 588
54258 584
54364 588
54471 589
54577 582
54683 590
54791 586
54897 584
55004 588
55110 581
55216 582
55323 583
55429 584
55536 596
55642 591
55750 588
55856 593
55962 591
56069 593
56175 596
56282 590
56388 591
56494 593
56601 589
56708 598
56815 597
56921 585
57028 589
57134 591
57240 592
57347 594
57453 589
57559 590
57666 585
57773 588
57880 585
57986 585
58093 577
58199 588
58305 589
58412 586
58518 596
58625 583
58732 589
58839 588
58945 588
59051 588
59158 583
59264 588
59371 584
59477 583
59583 547
59690 490
59797 440
59904 414
60010 383
60116 366
60223 351
60329 349
60436 351
60542 380
60648 412
60756 444
60862 481
60969 527
61075 581
61182 630
61288 675
61394 716
61501 745
61607 775
61715 793
61821 798
61927 798
62034 783
62140 761
62247 732
62353 700
62459 657
62566 612
62672 558
62780 521
62886 478
62993 446
63099 413
63205 382
63312 371
63418 366
63525 374
63631 385
63738 413
63845 434
63951 472
64058 514
64164 577
64270 618
64377 643
64483 691
64590 718
64697 749
64804 768
64910 775
65016 769
65123 766
65229 750
65336 724
65442 707
65548 660
65655 630
65762 583
65869 544
65975 511
66081 472
66188 444
66294 420
66401 407
66507 405
66613 397
66721 403
66827 422
66934 446
67040 477
67147 515
67253 545
67359 587
67466 623
67572 658
67679 687
67786 706
67893 721
67999 739
68105 746
68212 739
68318 733
68424 707
68531 702
68637 664
68745 634
68851 602
68958 556
69064 530
69170 496
69277 471
69383 449
69490 433
69596 423
69704 423
69810 432
69916 443
70023 467
70129 483
70236 512
70342 545
70448 577
70555 610
70661 632
70769 663
70875 687
70981 703
71088 722
71194 724
71301 715
71407 709
71513 695
71620 681
71727 658
71834 624
71940 591
72047 564
72153 540
72259 507
72366 492
72472 460
72579 451
72685 450
72792 438
72899 455
73005 456
73112 478
73218 496
73324 518
73431 545
73537 570
73644 591
73751 626
73858 648
73964 670
74070 688
74177 696
74283 710
74390 705
74496 701
74602 690
74710 672
74816 648
74923 628
75029 605
75135 576
75242 559
75348 522
75455 508
75561 487
75667 475
75775 465
75881 458
75988 460
76094 466
76201 476
76307 490
76413 508
76520 529
76626 557
76734 589
76840 605
76947 632
77053 638
77159 684
77266 684
77372 689
77478 695
77585 686
77691 673
77799 669
77905 651
78012 634
78118 619
78224 587
78331 570
78437 546
78544 520
78650 508
78800 492
78906 477
79012 480
79119 476
79225 480
79332 492
79438 506
79544 521
79651 542
79801 566
79907 587
80014 610
80120 629
80227 643
80333 639
80439 662
80546 667
80652 667
80803 654
80910 654
81016 637
81123 625
81229 606
81335 587
81442 565
81548 562
81655 540
81762 530
81869 518
81975 501
82081 499
82188 498
82294 501
82401 510
82507 484
82613 524
82721 541
82827 558
82934 564
83040 592
83146 597
83253 623
83359 635
83466 645
83572 654
83678 647
83786 656
83892 652
83999 649
84105 639
84212 622
84318 613
84424 597
84531 580
84637 564
84745 556
84851 532
84957 524
85064 511
85170 510
85277 508
85383 502
85489 506
85596 510
85703 520
85810 553
85916 553
86023 569
86129 580
86235 600
86342 609
86448 626
86555 634
86661 645
86769 648
86875 648
86981 648
87088 640
87194 634
87300 624
87407 612
87513 604
87620 591
87727 567
87834 556
87940 548
88046 536
88153 526
88259 517
88366 518
88472 514
88578 513
88685 521
88792 527
88899 533
89005 545
89112 606
89218 644
89324 669
89431 678
89537 690
89643 691
89751 692
89857 689
89964 671
90070 656
90177 661
90283 646
90389 634
90496 632
90602 615
90710 611
90816 611
90923 607
91029 608
91135 600
91242 599
91348 598
91455 599
91561 597
91667 593
91775 589
91881 594
91988 593
92094 594
92200 595
92307 593
92413 590
92520 589
92626 590
92734 587
92840 587
92946 584
93053 587
93159 589
93266 588
93372 589
93478 582
93585 585
93691 584
93799 583
93905 591
94011 582
94118 581
94224 583
94331 587
94437 581
94543 593
94650 590
94800 593
94906 592
95012 593
95119 593
95225 594
95331 620
95438 591
95544 595
95651 584
95758 590
95865 592
95971 591
96077 591
96184 590
96290 591
96397 587
96503 587
96609 586
96717 592
96823 573
96930 587
97036 588
97143 588
97249 590
97355 585
97462 588
97568 586
97674 588
97782 583
97888 591
97995 581
98101 584
98208 580
98314 585
98420 588
98527 579
98633 588
98741 580
98847 596
98954 595
99060 595
99166 585
99273 595
99379 595
99486 594
99592 590
99699 587
99806 588
99912 591
100019 590
100125 592
100231 593
100338 592
100444 587
100551 590
100657 585
100765 598
100871 585
100977 589
101084 593
101190 587
101297 590
101403 588
101509 586
101616 589
101723 587
101830 588
101936 583
102042 589
102149 586
102255 583
102362 584
102468 583
102574 585
102681 583
102788 584
102895 582
103001 582
103108 617
103214 590
103320 595
103427 591
103533 590
103640 589
103747 581
103854 592
103960 591
104066 591
104173 589
104279 585
104385 588
104492 591
104598 589
104706 585
104812 597
104919 582
105025 589
105131 587
105238 591
105344 592
105451 587
105557 592
105663 585
105771 587
105877 587
105984 585
106090 579
106197 587
106303 585
106409 585
106516 584
106622 578
106730 586
106836 585
106942 582
107049 587
107155 581
107262 586
107368 583
107474 600
107581 593
107687 591
107795 583
107901 594
108008 591
108114 594
108220 588
108327 589
108433 578
108539 590
108646 589
108753 586
108860 586
108966 593
109073 589
109179 592
109285 592
109392 595
109498 585
109605 592
109712 587
109819 584
109925 584
110031 582
110138 586
110244 585
110351 587
110457 586
110563 582
110670 574
110777 584
110884 585
110990 583
111096 583
111203 581
111309 584
111416 582
111522 583
111628 585
111736 584
111842 588
111949 592
112055 593
112162 589
112268 593
112374 586
112481 588
112587 585
112695 594
112801 590
112907 590
113014 584
113120 592
113227 588
113333 583
113439 588
113546 584
113652 591
113760 588
113866 589
113973 591
114079 583
114185 588
114292 588
114398 587
114505 591
114611 584
114719 581
114825 585
114931 601
115038 583
115144 589
115250 581
115357 591
115463 585
115570 584
115676 589
115784 576
115890 581
115996 581
116103 603
116209 600
116316 600
116422 591
116528 596
116635 595
116742 589
116849 594
116955 587
117062 590
117168 588
117274 591
117381 590
117487 588
117593 582
117701 589
117807 589
117914 591
118020 591
118127 586
118233 588
118339 586
118446 586
118552 589
118659 586
118766 580
118873 586
118979 587
119085 546
119192 493
119298 451
119405 408
119511 379
119617 352
119725 346
119831 338
119938 351
120044 369
120150 396
120257 436
120363 473
120470 527
120576 577
120682 625
120790 675
120896 716
121003 747
121109 775
121216 795
121322 803
121428 802
121535 786
121641 769
121749 733
121855 700
121961 662
122068 627
122174 578
122281 528
122387 482
122493 448
122600 418
122707 392
122814 379
122920 376
123027 374
123133 390
123239 412
123346 434
123452 474
123559 511
123665 551
123773 598
123879 633
123985 674
124092 706
124198 738
124304 756
124411 763
124517 761
124624 761
124731 758
124838 730
124944 707
125050 667
125157 637
125263 593
125370 553
125476 515
125582 476
125689 450
125795 421
125902 408
126008 396
126114 397
126221 405
126327 424
126434 444
126540 477
126646 514
126794 561
126900 595
127007 638
127113 662
127219 694
127326 714
127432 735
127539 745
127645 742
127753 733
127859 726
127965 706
128072 681
128178 654
128284 614
128391 585
128497 548
128604 516
128711 487
128818 455
128924 439
129030 452
129137 428
129243 431
129350 430
129456 476
129562 465
129669 489
129776 525
129883 568
129989 576
130096 613
130202 645
130308 673
130415 699
130521 712
130627 719
130735 726
130841 723
130948 713
131054 704
131161 673
131267 655
131373 624
131480 589
131586 569
131694 531
131800 496
131907 482
132013 463
132119 445
132226 436
132332 433
132439 442
132545 451
132651 470
132759 492
132865 508
132972 538
133078 568
133185 595
133291 625
133397 662
133504 679
133610 695
133718 706
133824 715
133930 714
134037 690
134143 691
134250 674
134356 655
134462 629
134569 600
134675 575
134783 551
134889 520
134996 504
135102 490
135208 463
135315 461
135421 458
135528 460
135634 467
135742 481
135848 495
135954 517
136061 540
136167 563
136273 587
136380 611
136486 631
136593 655
136700 673
136807 686
136913 684
137019 688
137126 685
137232 674
137339 660
137445 642
137551 622
137658 599
137765 589
137872 565
137978 542
138085 521
138191 506
138297 492
138404 486
138510 471
138616 472
138724 475
138830 493
138937 503
139043 523
139150 538
139256 554
139362 584
139469 604
139575 617
139682 641
139789 650
139896 667
140002 673
140108 676
140215 675
140321 663
140428 657
140534 641
140640 622
140748 607
140854 590
140961 566
141067 552
141173 530
141280 512
141386 506
141493 489
141599 491
141707 483
141813 489
141919 496
142026 525
142132 525
142239 543
142345 561
142451 579
142558 606
142664 604
142772 630
142878 641
142984 652
143091 659
143197 659
143304 653
143410 654
143516 645
143623 635
143730 628
143837 608
143943 593
144050 579
144156 564
144262 548
144369 530
144475 518
144582 510
144688 510
144795 502
144902 508
145008 506
145114 515
145221 528
145327 538
145434 557
145540 566
145646 584
145754 589
145860 609
145967 619
146073 629
146180 629
146286 643
146392 654
146499 651
146605 652
146713 634
146819 627
146925 612
147032 600
147138 588
147245 571
147351 559
147457 543
147564 531
147670 527
147778 526
147884 514
147991 516
148097 518
148203 524
148310 532
148416 538
148523 556
148629 619
148736 654
148843 676
148949 686
149056 696
149162 696
149268 693
149375 686
149481 680
149588 653
149695 643
149802 635
149908 627
150014 616
150121 609
150227 601
150334 600
150440 597
150546 599
150653 609
150760 601
150867 602
150973 601
151079 600
151186 600
151292 595
151399 597
151505 592
151611 595
151719 596
151825 600
151932 587
152038 593
152145 593
152251 591
152357 589
152464 591
152570 590
152677 587
152784 595
152891 589
152997 589
153103 586
153210 587
153316 590
153422 591
153529 593
153635 584
153743 586
153849 587
153956 584
154062 587
154168 582
154275 585
154381 581
154488 582
154594 585
154702 586
154808 580
154914 585
155021 596
155127 595
155234 597
155340 588
155446 592
155553 593
155659 591
155767 589
155873 588
155979 587
156086 587
156192 588
156299 585
156405 593
156511 584
156618 591
156725 589
156832 590
156938 592
157045 584
157151 587
157257 592
157364 588
157470 585
157577 584
157683 577
157790 587
157897 586
158003 583
158110 586
158216 581
158322 584
158429 583
158535 586
158642 585
158749 591
158856 582
158962 584
159068 583
159175 588
159281 628
159388 594
159494 595
159600 595
159708 595
159814 591
159921 586
160027 584
160133 593
160240 588
160346 589
160453 593
160559 586
160665 592
160773 590
160879 587
160986 594
161092 584
161199 592
161305 591
161411 598
161518 590
161624 589
161732 585
161838 587
161945 586
162051 589
162157 592
162264 585
162370 588
162476 585
162583 586
162689 587
162796 580
162902 585
163008 583
163115 587
163221 586
163328 578
163434 577
163540 580
163647 602
163754 597
163861 594
163967 588
164074 589
164180 592
164286 589
164393 594
164499 589
164606 593
164713 588
164819 594
164926 590
165032 592
165139 586
165245 591
165351 589
165458 588
165564 589
165671 586
165778 587
165885 591
165991 589
166097 587
166204 583
166310 581
166417 586
166523 587
166629 589
166737 588
166843 584
166950 584
167056 590
167162 582
167269 586
167375 583
167482 579
167588 584
167696 584
167802 582
167908 588
168015 591
168121 595
168228 594
168334 594
168440 595
168547 590
168653 592
168761 593
168867 589
168974 591
169080 592
169186 588
169293 591
169399 590
169505 591
169612 590
169719 586
169826 586
169932 587
170039 588
170145 586
170251 587
170358 582
170464 583
170571 590
170677 586
170785 586
170891 585
170997 587
171104 584
171210 583
171317 585
171423 580
171529 585
171636 580
171743 581
171850 582
171956 588
172062 578
172169 581
172275 604
172382 586
172488 595
172594 591
172702 592
172808 591
172915 587
173021 593
173128 591
173234 585
173340 592
173447 593
173553 589
173660 594
173767 587
173873 591
173980 592
174086 587
174193 590
174299 584
174405 590
174512 587
174618 587
174726 579
174832 591
174939 579
175045 585
175151 588
175258 587
175364 588
175471 582
175577 581
175683 585
175791 584
175897 585
176004 580
176110 584
176216 584
176323 585
176429 582
176536 584
176642 590
176750 596
176856 592
176962 594
177069 594
177175 591
177282 587
177388 590
177494 593
177601 590
177708 593
177815 586
177921 591
178028 592
178134 590
178240 590
178347 587
178453 589
178559 560
178666 511
178773 461
178880 441
178986 385
179093 366
179199 349
179305 342
179412 353
179518 365
179625 391
179732 424
179839 468
179945 508
180051 554
180158 604
180264 650
180371 698
180477 730
180583 763
180690 779
180797 790
180904 798
181010 792
181116 777
181223 744
181329 713
181436 674
181542 631
181648 585
181756 545
181862 494
181969 462
182075 430
182182 401
182288 388
182394 375
182501 379
182607 391
182715 409
182821 435
182927 466
183034 500
183140 544
183247 586
183353 629
183459 670
183566 695
183672 728
183780 746
183886 761
183993 766
184099 759
184205 747
184312 730
184418 703
184525 672
184631 627
184738 588
184845 555
184951 519
185058 486
185164 459
185270 452
185377 421
185483 406
185590 408
185697 414
185804 428
185910 446
186016 472
186123 502
186229 537
186336 572
186442 611
186548 640
186655 671
186762 703
186869 723
186975 734
187081 745
187188 745
187294 731
187401 718
187507 702
187613 666
187721 642
187827 610
187934 577
188040 547
188147 507
188253 479
188359 457
188466 440
188572 426
188679 421
188786 418
188893 462
188999 448
189105 470
189212 494
189318 525
189424 556
189531 592
189637 627
189745 654
189851 676
189958 694
190064 715
190170 721
190277 728
190383 728
190490 704
190596 694
190704 671
190810 645
190916 622
191023 586
191129 553
191236 531
191342 504
191448 482
191555 462
191661 443
191769 443
191875 446
191981 441
192088 464
192194 475
192301 499
192407 527
192513 551
192620 582
192727 610
192834 623
192940 653
193047 673
193153 687
193259 698
193366 700
193472 702
193579 694
193685 684
193792 662
193899 643
194005 616
194112 599
194218 575
194324 548
194431 531
194537 498
194644 487
194751 469
194858 460
194964 461
195070 464
195177 472
195283 482
195390 504
195496 523
195602 542
195710 568
195816 598
195923 616
196029 642
196135 663
196242 668
196348 685
196455 702
196561 688
196667 688
196775 673
196881 658
196988 644
197094 623
197201 602
197307 581
197413 550
197520 533
197626 513
197734 495
197840 485
197947 472
198053 468
198159 467
198266 487
198372 498
198478 508
198585 524
198691 549
198799 565
198905 589
199012 614
199118 629
199224 645
199331 658
199437 670
199544 678
199650 676
199800 676
199906 671
200012 655
200119 631
200225 608
200332 596
200438 578
200544 559
200651 534
200801 521
200907 501
201014 494
201120 496
201227 479
201333 488
201439 498
201546 505
201652 523
201803 543
201910 563
202016 580
202123 598
202229 614
202335 629
202442 641
202548 652
202655 670
202762 666
202869 663
202975 659
203081 649
203188 639
203294 623
203401 602
203507 589
203613 571
203721 554
203827 536
203934 528
204040 509
204146 508
204253 504
204359 504
204466 508
204572 506
204678 523
204786 532
204892 550
204999 566
205105 581
205212 586
205318 611
205424 620
205531 635
205637 645
205745 643
205851 647
205957 650
206064 643
206170 637
206277 622
206383 611
206489 598
206596 583
206703 572
206810 557
206916 534
207023 540
207129 529
207235 521
207342 522
207448 511
207555 515
207661 521
207769 529
207875 537
207981 567
208088 596
208194 644
208300 671
208407 686
208513 700
208620 697
208727 700
208834 691
208940 681
209046 668
209153 651
209259 634
209366 631
209472 619
209578 615
209685 608
209792 603
209899 604
210005 600
210112 601
210218 598
210324 593
210431 591
210537 594
210643 592
210751 592
210857 594
210964 587
211070 590
211177 585
211283 596
211389 596
211496 595
211602 594
211710 595
211816 596
211923 592
212029 589
212135 588
212242 592
212348 587
212455 589
212561 597
212667 585
212775 593
212881 589
212988 592
213094 593
213200 590
213307 589
213413 586
213520 589
213626 588
213734 594
213840 583
213946 587
214053 586
214159 585
214266 590
214372 584
214478 589
214585 585
214691 585
214799 581
214905 592
215011 580
215118 587
215224 582
215331 586
215437 589
215543 584
215650 590
215800 592
215906 594
216012 586
216119 591
216225 587
216331 588
216438 588
216544 590
216651 591
216758 593
216865 590
216971 591
217077 584
217184 583
217290 590
217397 588
217503 587
217609 592
217717 585
217823 587
217930 591
218036 590
218143 587
218249 584
218355 583
218462 585
218568 592
218674 584
218782 585
218888 582
218995 582
219101 581
219208 580
219314 584
219420 582
219527 583
219633 582
219741 587
219847 580
219954 599
220060 593
220166 595
220273 592
220379 587
220486 594
220592 587
220699 591
220806 599
220912 590
221019 592
221125 585
221231 586
221338 589
221444 590
221551 591
221657 595
221765 586
221871 589
221977 590
222084 591
222190 593
222297 588
222403 591
222509 589
222616 589
222723 587
222830 589
222936 585
223042 586
223149 591
223255 587
223362 585
223468 581
223574 582
223681 587
223788 588
223895 585
224001 582
224108 582
224214 600
224320 595
224427 592
224533 594
224640 590
224747 594
224854 592
224960 593
225066 592
225173 588
225279 599
225385 590
225492 589
225598 589
225706 596
225812 584
225919 586
226025 588
226131 588
226238 592
226344 587
226451 589
226557 583
226663 588
226771 587
226877 593
226984 583
227090 582
227197 588
227303 589
227409 588
227516 580
227622 588
227730 579
227836 586
227942 585
228049 580
228155 580
228262 583
228368 582
228474 583
228581 601
228687 592
228795 594
228901 598
229008 587
229114 593
229220 588
229327 591
229433 589
229539 591
229646 590
229753 594
229860 587
229966 593
230073 588
230179 592
230285 588
230392 586
230498 586
230605 593
230712 584
230819 586
230925 585
231031 580
231138 585
231244 586
231351 587
231457 590
231563 582
231670 585
231777 585
231884 584
231990 584
232096 581
232203 583
232309 582
232416 585
232522 586
232628 581
232736 578
232842 600
232949 592
233055 595
233162 594
233268 590
233374 594
233481 601
233587 592
233695 589
233801 595
233907 587
234014 591
234120 592
234227 591
234333 592
234439 583
234546 589
234652 587
234760 592
234866 592
234973 588
235079 580
235185 590
235292 589
235398 586
235505 585
235611 587
235719 588
235825 585
235931 588
236038 584
236144 578
236250 589
236357 586
236463 581
236570 583
236676 583
236784 580
236890 586
236996 583
237103 578
237209 592
237316 588
237422 591
237528 591
237635 591
237742 593
237849 591
237955 591
238062 568
238168 515
238274 466
238381 426
238487 387
238593 365
238701 348
238807 345
238914 350
239020 367
239127 390
239233 425
239339 465
239446 519
239552 564
239659 610
239766 655
239873 701
239979 732
240085 767
240192 782
240298 795
240405 797
240511 784
240617 768
240725 738
240831 698
240938 668
241044 620
241150 578
241257 538
241363 486
241470 464
241576 430
241682 408
241790 389
241896 381
242003 376
242109 393
242216 413
242322 440
242428 482
242535 504
242641 552
242749 589
242855 635
242961 671
243068 704
243174 730
243281 745
243387 763
243493 768
243600 759
243707 745
243814 727
243920 699
244027 667
244133 636
244239 591
244346 555
244452 512
244559 476
244665 458
244773 431
244879 412
244985 403
245092 404
245198 407
245304 425
245411 441
245517 470
245624 505
245731 532
245838 590
245944 613
246050 650
246157 677
246263 705
246370 725
246476 731
246582 744
246689 741
246795 732
246902 718
247008 698
247114 665
247221 639
247327 603
247434 577
247540 544
247646 506
247794 472
247900 455
248007 436
248113 426
248219 428
248326 435
248432 446
248539 459
248645 485
248753 513
248859 541
248965 570
249072 599
249178 625
249284 654
249391 679
249497 695
249604 713
249711 713
249818 705
249924 707
250030 694
250137 697
250243 665
250350 633
250456 608
250562 581
250669 549
250776 523
250883 497
250989 479
251096 467
251202 456
251308 449
251415 447
251521 449
251627 468
251735 489
251841 512
251948 533
252054 563
252161 591
252267 613
252373 637
252480 660
252586 674
252694 690
252800 696
252907 699
253013 694
253119 688
253226 676
253332 653
253439 631
253545 608
253651 589
253759 556
253865 527
253972 513
254078 492
254185 473
254291 473
254397 452
254504 471
254610 470
254718 481
254824 496
254930 513
255037 531
255143 555
255250 578
255356 604
255462 623
255569 633
255675 662
255783 675
255889 682
255996 689
256102 679
256208 681
256315 667
256421 656
256528 641
256634 616
256742 591
256848 575
256954 538
257061 528
257167 516
257273 493
257380 490
257486 480
257593 476
257700 475
257807 480
257913 491
258019 509
258126 526
258232 542
258339 560
258445 577
258551 606
258658 624
258765 660
258872 666
258978 668
259085 677
259191 678
259297 675
259404 667
259510 651
259616 639
259724 621
259830 604
259937 585
260043 569
260150 540
260256 525
260362 511
260469 502
260575 498
260682 483
260789 488
260896 497
261002 507
261108 517
261215 538
261321 541
261428 567
261534 584
261640 602
261748 618
261854 629
261961 643
262067 651
262173 660
262280 662
262386 653
262493 639
262599 641
262707 627
262813 616
262919 598
263026 577
263132 574
263239 557
263345 541
263451 525
263558 511
263664 507
263772 500
263878 502
263984 502
264091 516
264197 520
264304 536
264410 546
264516 567
264623 584
264730 593
264837 609
264943 625
265050 635
265156 646
265262 651
265369 648
265475 650
265582 646
265688 640
265795 630
265902 615
266008 603
266114 588
266221 571
266327 556
266434 541
266540 531
266646 522
266754 513
266860 510
266967 512
267073 504
267180 513
267286 516
267392 537
267499 556
267605 611
267713 647
267819 675
267925 692
268032 701
268138 704
268245 701
268351 693
268457 683
268564 672
268670 662
268778 641
268884 635
268991 622
269097 617
269203 618
269310 607
269416 602
269523 604
269629 589
269736 598
269843 594
269949 585
270056 591
270162 592
270268 591
270375 592
270481 588
270588 590
270695 590
270802 584
270908 587
271014 594
271121 581
271227 585
271334 585
271440 586
271546 591
271653 583
271760 596
271867 594
271973 594
272079 596
272186 589
272292 586
272399 592
272505 594
272611 592
272719 595
272825 590
272932 591
273038 592
273145 593
273251 592
273357 588
273464 591
273570 591
273677 589
273784 588
273891 595
273997 584
274103 592
274210 584
274316 587
274422 589
274529 584
274635 583
274743 585
274849 586
274956 588
275062 581
275168 587
275275 584
275381 582
275488 584
275594 587
275702 580
275808 584
275914 584
276021 586
276127 597
276234 591
276340 594
276446 592
276553 594
276659 592
276767 594
276873 580
276979 596
277086 590
277192 592
277299 593
277405 583
277511 589
277618 588
277725 586
277832 587
277938 594
278045 582
278151 588
278257 591
278364 588
278470 595
278577 584
278683 588
278790 584
278897 588
279003 589
279110 590
279216 583
279322 589
279429 576
279535 588
279642 583
279749 585
279856 583
279962 582
280068 585
280175 580
280281 584
280388 610
280494 592
280600 595
280708 594
280814 595
280921 588
281027 595
281133 590
281240 592
281346 597
281453 587
281559 593
281665 592
281773 592
281879 595
281986 589
282092 591
282199 587
282305 588
282411 590
282518 594
282624 586
282732 589
282838 588
282945 588
283051 589
283157 583
283264 587
283370 586
283476 586
283583 583
283689 581
283796 580
283902 585
284008 588
284115 587
284221 591
284328 584
284434 585
284540 582
284647 584
284754 595
284861 593
284967 596
285074 594
285180 592
285286 593
285393 586
285499 587
285606 591
285713 592
285819 589
285926 590
286032 588
286139 590
286245 591
286351 587
286458 589
286564 589
286671 590
286778 588
286885 588
286991 588
287097 589
287204 585
287310 587
287417 584
287523 588
287629 583
287737 587
287843 578
287950 585
288056 588
288162 586
288269 583
288375 577
288482 583
288588 584
288696 585
288802 585
288908 578
289015 583
289121 590
289228 609
289334 594
289440 586
289547 593
289653 594
289761 592
289867 586
289974 594
290080 581
290186 595
290293 591
290399 589
290505 589
290612 587
290719 581
290826 585
290932 588
291039 587
291145 594
291251 587
291358 592
291464 588
291571 588
291677 587
291785 580
291891 587
291997 583
292104 592
292210 584
292317 581
292423 577
292529 578
292636 584
292743 589
292850 586
292956 579
293062 584
293169 583
293275 583
293382 605
293488 590
293594 592
293702 594
293808 594
293915 593
294021 594
294128 589
294234 593
294340 588
294447 589
294553 595
294660 590
294767 587
294873 589
294980 589
295086 591
295193 585
295299 581
295405 589
295512 586
295618 588
295726 587
295832 588
295939 589
296045 588
296151 588
296258 586
296364 581
296471 586
296577 581
296683 585
296791 588
296897 589
297004 581
297110 586
297216 581
297323 584
297429 572
297536 565
297642 517
297750 483
297856 435
297962 395
298069 378
298175 351
298282 349
298388 348
298494 367
298601 396
298708 418
298815 461
298921 506
299028 530
299134 601
299240 646
299347 684
299453 732
299559 766
299666 783
299773 798
299880 794
299986 793
300093 775
300199 753
300305 721
300412 674
300518 632
300625 591
300732 541
300839 498
300945 466
301051 423
301158 401
301264 386
301371 377
301477 377
301583 376
301690 389
301797 425
301904 462
302010 496
302116 547
302223 586
302329 626
302436 668
302542 703
302648 731
302756 752
302862 765
302969 772
303075 766
303182 756
303288 735
303394 706
303501 676
303607 643
303715 603
303821 564
303927 549
304034 488
304140 459
304247 434
304353 402
304459 401
304566 402
304672 407
304780 422
304886 446
304993 472
305099 492
305205 536
305312 564
305418 606
305525 642
305631 665
305738 691
305845 715
305951 733
306058 736
306164 737
306270 726
306377 714
306483 696
306590 677
306697 648
306804 613
306910 583
307016 547
307123 517
307229 488
307336 461
307442 445
307548 436
307655 432
307762 428
307869 444
307975 452
308081 472
308188 502
308294 529
308401 564
308507 588
308613 620
308721 648
308827 681
308934 694
309040 706
309147 710
309253 714
309359 718
309466 701
309572 694
309679 662
309786 644
309893 612
309999 583
310105 556
310212 526
310318 506
310424 485
310531 463
310637 449
310745 459
310851 446
310958 458
311064 471
311170 479
311277 509
311383 524
311490 553
311596 577
311704 605
311810 630
311916 657
312023 674
312129 686
312236 696
312342 701
312448 702
312555 689
312661 683
312769 663
312875 643
312981 624
313088 598
313194 567
313301 548
313407 526
313513 506
313620 487
313727 470
313834 471
313940 464
314047 465
314153 473
314259 482
314366 499
314472 515
314579 540
314685 558
314792 591
314899 604
315005 627
315112 654
315218 666
315324 683
315431 681
315537 687
315644 682
315751 674
315858 662
315964 645
316070 622
316177 610
316283 588
316390 567
316496 548
316602 522
316710 509
316816 497
316923 487
317029 490
317135 480
317242 486
317348 496
317455 508
317561 522
317667 536
317775 556
317881 581
317988 594
318094 614
318201 635
318307 645
318413 657
318520 666
318626 667
318734 666
318840 659
318947 653
319053 633
319159 627
319266 607
319372 605
319478 581
319585 560
319691 540
319799 541
319905 510
320012 498
320118 489
320224 495
320331 499
320437 505
320544 509
320650 516
320800 549
320906 562
321012 581
321119 591
321225 616
321332 627
321438 641
321544 656
321651 653
321801 659
321907 657
322014 657
322120 636
322227 627
322333 612
322439 596
322546 583
322652 564
322803 531
322910 527
323016 516
323123 517
323229 493
323335 499
323442 497
323548 499
323655 513
323762 531
323869 544
323975 559
324081 574
324188 588
324294 603
324401 610
324507 634
324613 637
324721 654
324827 659
324934 652
325040 649
325146 646
325253 632
325359 628
325466 610
325572 600
325678 580
325786 567
325892 553
325999 546
326105 522
326212 521
326318 509
326424 512
326531 513
326637 507
326745 513
326851 527
326957 538
327064 571
327170 624
327277 651
327383 677
327489 690
327596 693
327703 693
327810 684
327916 680
328023 685
328129 662
328235 654
328342 638
328448 629
328555 619
328661 619
328769 613
328875 612
328981 605
329088 603
329194 601
329300 599
329407 601
329513 593
329620 598
329727 599
329834 594
329940 595
330046 603
330153 585
330259 593
330366 591
330472 591
330578 605
330685 579
330792 591
330899 589
331005 586
331112 586
331218 585
331324 578
331431 588
331537 584
331643 586
331751 588
331857 583
331964 584
332070 581
332177 585
332283 584
332389 593
332496 591
332602 593
332710 594
332816 595
332923 591
333029 588
333135 594
333242 594
333348 594
333455 594
333561 588
333667 592
333775 590
333881 588
333988 591
334094 589
334200 586
334307 585
334413 587
334520 586
334626 592
334734 586
334840 591
334946 583
335053 577
335159 587
335266 582
335372 587
335478 582
335585 582
335691 584
335799 579
335905 583
336011 578
336118 583
336224 579
336331 581
336437 582
336543 581
336650 583
336800 598
336906 590
337012 591
337119 591
337225 594
337331 585
337438 588
337544 591
337651 589
337758 591
337865 593
337971 589
338077 581
338184 588
338290 585
338397 590
338503 592
338609 584
338717 580
338823 590
338930 588
339036 583
339143 596
339249 587
339355 586
339462 587
339568 588
339674 590
339782 580
339888 587
339995 585
340101 592
340208 587
340314 582
340420 576
340527 587
340633 590
340741 582
340847 588
340954 578
341060 597
341166 591
341273 593
341379 600
341486 590
341592 592
341699 591
341806 596
341912 593
342019 599
342125 587
342231 590
342338 592
342444 592
342551 593
342657 588
342765 578
342871 588
342977 591
343084 588
343190 585
343297 582
343403 587
343509 588
343616 586
343723 589
343830 582
343936 585
344042 586
344149 585
344255 585
344362 582
344468 582
344574 585
344681 586
344788 583
344895 588
345001 580
345108 582
345214 582
345320 596
345427 599
345533 594
345640 592
345747 590
345854 592
345960 592
346066 602
346173 590
346279 594
346385 591
346492 594
346598 592
346706 589
346812 591
346919 589
347025 590
347131 591
347238 586
347344 582
347451 586
347557 592
347663 585
347771 589
347877 576
347984 588
348090 584
348197 588
348303 586
348409 581
348516 586
348622 587
348730 585
348836 584
348942 593
349049 580
349155 585
349262 583
349368 585
349474 584
349581 577
349687 597
349795 592
349901 592
350008 594
350114 592
350220 581
350327 591
350433 590
350539 592
350646 598
350753 585
350860 591
350966 589
351073 588
351179 591
351285 586
351392 590
351498 584
351605 589
351712 586
351819 591
351925 582
352031 589
352138 587
352244 586
352351 582
352457 583
352563 584
352670 584
352777 584
352884 588
352990 582
353096 587
353203 582
353309 583
353416 584
353522 589
353628 584
353736 582
353842 581
353949 585
354055 597
354162 591
354268 585
354374 589
354481 594
354587 589
354695 593
354801 586
354907 590
355014 585
355120 592
355227 587
355333 584
355439 588
355546 587
355652 592
355760 588
355866 592
355973 587
356079 586
356185 584
356292 586
356398 590
356505 584
356611 589
356719 588
356825 584
356931 586
357038 567
357144 516
357250 468
357357 424
357463 391
357570 368
357676 340
357784 339
357890 344
357996 349
358103 382
358209 409
358316 479
358422 506
358528 553
358635 604
358742 651
358849 690
358955 731
359062 761
359168 787
359274 798
359381 800
359487 792
359593 780
359701 756
359807 722
359914 679
360020 634
360127 590
360233 551
360339 497
360446 466
360552 423
360659 405
360766 382
360873 373
360979 375
361085 381
361192 392
361298 427
361405 460
361511 497
361617 537
361725 578
361831 622
361938 666
362044 699
362150 729
362257 744
362363 762
362470 765
362576 766
362682 765
362790 746
362896 710
363003 693
363109 644
363216 605
363322 567
363428 521
363535 490
363641 458
363749 431
363855 412
363961 401
364068 395
364174 404
364281 417
364387 440
364493 471
364600 497
364707 537
364814 570
364920 603
365027 637
365133 669
365239 701
365346 723
365452 745
365559 746
365665 743
365773 730
365879 717
365985 701
366092 671
366198 645
366304 605
366411 573
366517 536
366624 507
366731 477
366838 450
366944 452
367050 433
367157 428
367263 433
367370 442
367476 453
367582 480
367689 501
367795 536
367902 566
368008 588
368114 621
368221 651
368327 668
368434 696
368540 709
368646 723
368794 721
368900 714
369007 704
369113 686
369219 663
369326 636
369432 605
369539 573
369645 546
369753 518
369859 491
369965 475
370072 453
370178 448
370284 439
370391 445
370497 454
370604 459
370711 477
370818 505
370924 529
371030 558
371137 586
371243 607
371350 641
371456 661
371562 683
371669 690
371776 695
371883 695
371989 699
372096 690
372202 666
372308 660
372415 627
372521 611
372627 583
372735 559
372841 535
372948 511
373054 492
373161 480
373267 467
373373 462
373480 460
373586 464
373694 474
373800 486
373907 526
374013 538
374119 558
374226 586
374332 605
374439 625
374545 649
374651 659
374759 671
374865 684
374972 686
375078 686
375185 677
375291 662
375397 651
375504 644
375610 618
375718 592
375824 568
375930 543
376037 532
376143 514
376250 500
376356 496
376462 480
376569 482
376675 483
376783 488
376889 501
376996 521
377102 527
377208 550
377315 571
377421 584
377528 607
377634 619
377742 641
377848 653
377954 660
378061 663
378167 662
378273 673
378380 665
378486 652
378593 638
378700 621
378807 600
378913 581
379019 565
379126 558
379232 533
379339 515
379445 510
379551 503
379658 498
379765 500
379872 502
379978 510
380085 517
380191 533
380297 542
380404 562
380510 575
380616 600
380724 614
380830 628
380937 642
381043 645
381150 656
381256 657
381362 653
381469 651
381575 642
381682 627
381789 619
381896 604
382002 577
382108 572
382215 552
382321 536
382428 525
382534 519
382640 519
382748 511
382854 507
382961 507
383067 513
383173 524
383280 539
383386 542
383493 563
383599 574
383707 589
383813 606
383919 615
384026 623
384132 641
384239 646
384345 649
384451 652
384558 642
384664 641
384772 632
384878 620
384984 611
385091 588
385197 584
385304 568
385410 552
385516 538
385623 526
385730 520
385837 512
385943 508
386050 515
386156 513
386262 519
386369 527
386475 540
386582 584
386688 633
386795 658
386902 694
387008 700
387114 705
387221 705
387327 694
387434 682
387540 671
387646 661
387754 649
387860 634
387967 627
388073 624
388180 615
388286 611
388392 608
388499 601
388605 600
388713 600
388819 599
388925 600
389032 602
389138 592
389245 595
389351 592
389457 596
389564 595
389670 586
389778 582
389884 591
389991 586
390097 591
390203 587
390310 582
390416 587
390523 589
390629 586
390736 588
390843 586
390949 582
391056 587
391162 584
391268 595
391375 589
391481 592
391588 589
391695 593
391802 596
391908 594
392014 589
392121 586
392227 589
392334 589
392440 591
392546 587
392653 578
392760 588
392867 589
392973 589
393079 594
393186 586
393292 588
393399 590
393505 588
393611 589
393719 587
393825 587
393932 586
394038 589
394145 586
394251 583
394357 578
394464 588
394570 586
394677 595
394784 586
394891 590
394997 584
395103 588
395210 581
395316 585
395422 580
395529 601
395635 594
395743 592
395849 592
395956 597
396062 587
396168 590
396275 588
396381 591
396488 592
396594 585
396702 577
396808 590
396914 592
397021 588
397127 586
397234 582
397340 586
397446 584
397553 586
397659 591
397767 585
397873 590
397979 586
398086 588
398192 590
398299 584
398405 585
398511 588
398618 586
398725 564
398832 585
398938 578
399045 582
399151 577
399257 585
399364 582
399470 579
399577 584
399683 585
399790 583
399897 591
400003 596
400110 589
400216 593
400322 596
400429 592
400535 595
400642 585
400749 589
400856 590
400962 595
401068 592
401175 586
401281 586
401388 588
401494 590
401600 575
401708 592
401814 587
401921 589
402027 589
402133 585
402240 588
402346 587
402453 587
402559 586
402665 589
402773 589
402879 584
402986 587
403092 586
403199 590
403305 586
403411 585
403518 582
403624 583
403732 583
403838 584
403945 587
404051 584
404157 597
404264 593
404370 591
404476 597
404583 595
404689 588
404796 589
404902 591
405008 596
405115 594
405221 583
405328 588
405434 588
405540 593
405647 596
405754 588
405861 588
405967 589
406074 588
406180 582
406286 595
406393 583
406499 590
406606 587
406713 589
406819 585
406926 586
407032 585
407139 584
407245 587
407351 584
407458 584
407564 581
407671 585
407778 584
407885 587
407991 587
408097 581
408204 581
408310 586
408417 584
408523 596
408629 593
408737 589
408843 592
408950 591
409056 588
409162 597
409269 586
409375 596
409482 588
409588 593
409696 589
409802 588
409908 577
410015 590
410121 588
410228 591
410334 588
410440 580
410547 583
410653 588
410761 588
410867 591
410974 587
411080 584
411186 586
411293 585
411399 588
411505 582
411612 576
411719 585
411826 587
411932 583
412039 586
412145 583
412251 582
412358 590
412464 582
412571 583
412677 573
412785 604
412891 594
412997 593
413104 591
413210 596
413317 589
413423 589
413529 590
413636 593
413743 592
413850 588
413956 590
414062 590
414169 590
414275 594
414382 585
414488 585
414594 590
414702 585
414808 590
414915 591
415021 587
415128 590
415234 587
415340 585
415447 592
415553 583
415660 586
415767 589
415873 587
415980 586
416086 587
416193 582
416299 586
416405 583
416512 583
416618 533
416726 483
416832 425
416939 397
417045 366
417151 356
417258 345
417364 344
417471 361
417577 374
417683 408
417791 452
417897 489
418004 540
418110 588
418216 638
418323 678
418429 723
418536 747
418642 781
418750 795
418856 797
418962 796
419069 780
419175 760
419282 725
419388 690
419494 648
419601 597
419708 562
419815 512
419921 471
420028 437
420134 412
420240 383
420347 366
420453 368
420559 379
420666 391
420773 414
420880 448
420986 480
421093 522
421199 567
421305 602
421412 642
421518 695
421625 729
421732 757
421839 768
421945 774
422051 783
422158 768
422264 750
422371 733
422477 688
422583 658
422690 616
422797 578
422904 538
423010 501
423116 464
423223 436
423329 415
423436 397
423542 396
423648 398
423756 400
423862 427
423969 447
424075 494
424182 515
424288 549
424394 595
424501 634
424607 662
424715 695
424821 713
424927 735
425034 747
425140 749
425247 745
425353 728
425459 708
425566 680
425672 650
425780 633
425886 598
425993 552
426099 525
426205 492
426312 466
426418 450
426525 427
426631 425
426738 423
426845 431
426951 442
427058 469
427164 480
427270 517
427377 551
427483 581
427590 616
427697 643
427804 671
427910 692
428016 715
428123 723
428229 723
428336 718
428442 715
428548 701
428655 678
428762 659
428869 623
428975 600
429081 565
429188 533
429294 512
429401 467
429507 464
429613 444
429721 438
429827 431
429934 441
430040 443
430147 474
430253 498
430359 523
430466 549
430572 572
430679 602
430786 633
430893 655
430999 675
431105 689
431212 694
431318 709
431424 706
431531 702
431637 694
431745 671
431851 653
431958 628
432064 605
432170 577
432277 550
432383 521
432490 503
432596 484
432704 469
432810 465
432916 450
433023 460
433129 466
433236 481
433342 498
433448 511
433555 538
433661 563
433769 590
433875 612
433981 635
434088 645
434194 668
434301 674
434407 703
434513 696
434620 684
434727 681
434834 663
434940 647
435047 631
435153 611
435259 579
435366 566
435472 540
435579 521
435685 503
435792 490
435899 483
436005 478
436112 481
436218 481
436324 488
436431 504
436537 520
436644 536
436751 561
436858 586
436964 595
