1.75 0.43 565.56 20.69
60.43 8.67 432.56 19.58
117.87 9.67 310.00 18.04
174.56 9.54 205.00 14.73
230.75 9.72 122.87 10.27
289.12 11.41 69.31 7.03
345.68 11.70 51.43 4.86
402.00 11.57 64.12 9.88
458.68 11.50 110.31 14.14
514.93 11.60 181.75 20.32
571.50 11.44 278.87 22.87
627.93 11.59 394.62 25.92
684.75 11.44 520.68 27.44
741.37 11.37 649.43 25.29
797.68 11.46 774.12 23.21
854.18 11.21 881.68 18.78
910.62 11.49 972.25 14.31
966.93 11.33 1039.00 8.91
1024.31 11.27 1076.68 5.38
1080.68 11.40 1082.87 7.28
1137.75 11.14 1056.31 11.91
1194.18 11.27 1002.62 17.64
1251.68 14.83 917.62 25.74
1308.31 14.63 816.43 31.72
1364.81 14.92 702.81 33.02
1421.31 14.80 579.37 32.27
1477.75 14.70 457.93 32.38
1534.06 14.78 344.68 29.48
1590.68 14.58 246.68 23.35
1647.00 14.59 170.18 16.63
1705.12 15.93 116.12 9.68
1761.56 15.79 93.43 5.11
1817.81 15.98 102.68 12.13
1874.93 15.51 139.62 17.58
1931.25 15.59 205.62 23.26
1987.93 15.48 293.00 28.59
2044.31 15.46 395.87 31.60
2100.75 15.66 510.87 31.90
2157.25 15.46 627.62 31.46
2213.56 15.80 742.56 29.88
2270.25 15.66 844.50 26.03
2326.56 15.60 929.25 19.12
2382.87 15.91 994.43 12.11
2439.56 15.75 1032.25 5.27
2495.87 15.75 1043.50 9.63
2552.56 15.60 1022.25 13.21
2608.87 15.54 978.50 15.18
2665.31 15.76 907.43 24.01
2722.31 15.38 814.75 28.08
2778.75 15.59 711.18 29.76
2835.25 15.42 598.68 29.34
2891.62 15.33 486.81 27.61
2948.06 15.43 381.87 25.22
3004.62 15.23 287.18 20.20
3061.06 15.27 211.43 19.24
3117.56 15.35 163.18 10.47
3173.87 15.31 137.12 8.98
3230.43 15.64 136.75 9.09
3286.87 15.37 164.50 16.89
3343.37 15.69 218.87 20.83
3399.93 15.48 295.93 26.44
3456.25 15.41 386.56 30.80
3512.75 15.50 489.43 30.50
3569.25 15.41 601.25 30.09
3625.56 15.42 705.56 28.92
3682.18 15.44 805.00 25.68
3738.56 15.39 886.87 21.53
3794.93 15.49 949.31 16.04
3851.50 15.40 990.87 8.47
3907.87 15.53 1004.68 6.25
3964.87 15.08 994.25 9.54
4021.37 14.97 955.75 15.24
4077.75 15.12 895.18 21.15
4134.31 14.86 817.12 25.10
4190.62 15.23 723.93 25.30
4247.12 15.18 621.12 29.37
4303.56 15.11 518.75 27.90
4360.12 15.31 417.50 24.31
4417.25 14.95 328.06 19.41
4473.62 15.11 253.75 13.56
4530.12 14.82 199.87 9.15
4586.56 14.77 173.37 5.77
4643.00 14.86 167.25 8.12
4699.50 14.89 190.62 13.34
4755.87 15.08 235.31 18.68
4812.31 14.85 300.87 21.23
4868.87 14.75 384.06 24.74
4925.25 14.89 478.12 27.81
4981.87 14.67 576.62 26.86
5038.18 14.93 676.37 26.30
5094.62 14.77 766.87 23.69
5151.18 14.69 850.37 16.82
5207.62 15.01 910.56 13.11
5264.12 14.84 952.00 7.73
5320.43 15.06 972.12 5.21
5376.87 14.98 965.31 9.39
5435.18 16.49 935.93 15.16
5491.81 16.38 882.37 20.55
5548.18 16.23 810.87 26.51
5604.62 16.43 728.43 27.11
5661.62 17.11 634.25 28.91
5718.12 17.13 535.18 29.57
5774.56 17.17 445.81 26.63
5831.06 17.09 358.56 24.05
5887.37 17.27 291.43 18.79
5943.81 17.01 238.37 12.51
6000.37 16.97 207.87 6.80
6056.87 16.99 200.37 3.95
6113.43 16.99 216.43 14.62
6169.68 17.17 254.00 15.45
6226.18 17.04 310.93 23.80
6282.68 17.21 385.00 24.44
6339.18 17.04 469.93 25.63
6396.93 19.57 562.75 30.28
6453.18 19.69 655.56 29.47
6509.62 19.63 740.68 27.64
6566.31 19.59 814.62 21.84
6622.75 19.53 875.43 15.46
6679.18 19.58 916.50 9.32
6735.50 19.61 938.68 4.18
6791.93 19.54 937.37 8.08
6848.50 19.60 911.62 15.69
6905.00 19.51 866.50 21.92
6961.37 19.39 808.18 23.98
7018.43 19.46 729.37 28.81
7074.93 19.31 647.50 30.95
7131.43 19.38 561.87 32.96
7187.87 19.43 473.00 26.85
7244.37 19.46 392.25 23.93
7300.68 19.51 326.25 21.07
7357.75 20.18 276.12 13.25
7414.18 20.27 243.87 8.12
7470.68 20.23 233.25 5.77
7527.12 20.14 243.18 10.82
7583.43 20.07 271.56 17.67
7639.93 20.29 323.81 22.56
7696.37 20.25 388.93 27.55
7752.93 20.32 463.50 30.67
7809.31 20.11 546.68 30.73
7865.75 20.15 629.06 30.37
7922.18 20.13 710.81 26.69
7978.62 20.11 782.75 24.04
8035.25 20.17 840.31 17.03
8091.68 20.00 882.56 9.65
8148.12 20.03 904.68 5.37
8204.62 19.95 910.87 8.48
8260.93 20.16 890.37 13.24
8317.50 20.20 852.75 18.63
8375.43 22.77 801.68 25.40
8431.93 23.03 731.37 31.18
8488.31 22.77 656.43 32.78
8544.75 22.87 575.68 31.95
8601.25 22.80 493.81 28.88
8657.68 22.69 422.43 27.12
8714.18 22.79 357.18 21.09
8770.43 22.79 306.43 13.54
8827.00 22.93 274.25 8.97
8883.43 22.81 259.25 4.85
8939.87 22.60 265.75 11.55
8996.93 22.39 291.56 17.87
9053.31 22.29 332.50 25.93
9109.62 22.35 391.00 29.89
9166.25 22.40 459.68 30.78
9223.31 23.34 535.06 34.53
9279.68 23.38 612.31 33.96
9336.18 23.49 686.12 31.87
9392.56 23.65 754.37 25.09
9449.18 23.64 811.06 18.05
9505.50 23.50 852.37 11.95
9562.18 23.48 877.50 5.86
9618.43 23.45 883.75 9.50
9674.87 23.62 871.31 15.42
9731.50 23.52 839.25 21.62
9787.81 23.40 792.06 28.04
9844.31 23.47 732.06 31.07
9900.75 23.34 662.81 34.94
9957.12 23.47 591.56 32.86
10015.87 23.60 512.37 32.05
10072.18 23.40 443.93 29.27
10128.75 23.43 385.06 22.59
10185.25 23.39 332.62 17.44
10241.56 23.67 303.31 9.16
10298.12 23.61 286.50 5.48
10354.56 23.63 286.75 11.44
10411.25 23.83 309.68 18.62
10467.56 23.61 344.25 23.02
10523.68 23.70 395.56 26.91
10580.50 23.60 456.68 33.03
10636.75 23.46 526.12 30.58
10693.43 23.62 597.25 30.57
10749.68 23.59 666.81 27.35
10806.00 23.67 730.56 24.26
10862.68 23.57 784.75 20.08
10918.93 23.43 823.68 11.10
10975.68 23.51 852.00 4.57
11032.00 23.48 857.68 6.04
11088.37 23.68 849.75 11.17
11145.00 23.51 825.81 18.48
11201.25 23.51 783.81 24.84
11257.93 23.71 731.87 26.57
11314.25 23.49 669.68 29.03
11370.75 23.86 602.31 31.14
11427.12 23.88 535.43 30.79
11483.56 23.74 468.93 27.55
11540.25 23.77 411.81 21.36
11596.50 23.55 361.31 16.29
11653.00 23.67 329.00 12.47
11709.43 23.71 311.43 6.19
11765.75 23.53 310.87 7.28
11822.37 23.63 324.18 14.23
11878.75 23.48 356.00 19.06
11935.06 23.56 397.93 23.25
11991.87 23.55 454.50 26.31
12048.06 23.45 515.68 28.67
12104.75 23.54 579.37 29.19
12161.12 23.44 645.00 26.70
12217.56 23.71 702.87 21.94
12274.06 23.61 756.93 20.31
12330.43 23.70 798.37 16.01
12387.12 23.88 824.37 9.88
12443.37 23.71 835.18 4.25
12500.00 23.82 829.18 9.63
12556.37 23.67 812.06 13.79
12612.68 23.63 777.25 19.28
12669.37 23.77 729.62 24.83
12726.31 23.35 677.00 24.14
12782.75 23.42 614.43 25.88
12839.25 23.35 550.12 25.06
12895.56 23.43 491.87 23.74
12952.18 23.43 434.43 20.45
13008.50 23.31 391.56 14.35
13065.00 23.39 355.75 8.67
13121.56 23.30 336.25 6.04
13177.68 23.25 330.18 4.91
13234.56 23.49 339.31 8.50
13290.75 23.36 365.06 16.61
13347.37 23.46 402.25 21.41
13403.75 23.50 449.62 24.75
13460.62 23.05 508.75 25.14
13517.25 23.11 567.18 25.77
13573.68 22.80 627.62 24.94
13630.25 22.93 684.50 22.51
13686.56 22.97 731.87 19.17
13742.93 23.03 773.50 16.03
13799.62 22.96 802.50 11.20
13855.87 22.78 814.43 4.99
13912.43 22.70 813.43 7.79
13969.81 22.75 796.06 13.94
14026.25 22.89 768.75 17.64
14082.68 22.87 728.56 20.93
14139.18 22.64 678.31 23.00
14195.62 22.62 623.00 25.69
14252.06 22.82 562.25 26.83
14308.50 22.88 509.12 24.35
14365.06 23.07 455.81 21.76
14421.43 22.90 410.93 17.42
14479.68 22.92 376.37 12.70
14536.00 22.89 355.87 7.59
14592.31 22.82 349.12 4.51
14649.00 22.91 357.68 7.13
14705.31 22.80 376.87 9.64
14761.87 22.87 412.56 16.57
14818.06 22.89 453.06 20.85
14874.56 22.85 503.25 21.15
14931.18 22.77 559.93 21.04
14987.56 22.68 615.18 21.19
15044.18 22.69 667.75 19.56
15100.62 22.71 714.68 16.66
15156.93 22.76 752.00 13.09
15213.50 22.80 779.37 8.08
15269.81 22.73 794.18 5.45
15326.43 22.85 795.18 6.52
15382.93 22.91 784.25 10.80
15439.31 23.05 756.37 15.54
15495.75 22.98 723.25 18.92
15552.68 22.46 678.56 20.03
15609.25 22.43 628.87 22.01
15665.56 22.43 574.93 22.39
15722.75 22.37 520.56 20.64
15779.06 22.39 473.93 17.57
15835.50 22.25 433.06 13.97
15892.06 22.24 397.75 10.54
15948.37 22.31 377.43 6.67
16004.93 22.30 368.25 5.24
16061.31 22.35 373.62 8.29
16117.81 22.19 390.50 11.40
16174.37 22.17 417.81 15.77
16230.75 22.32 457.18 19.26
16287.12 22.35 501.25 19.60
16343.62 22.42 550.25 21.77
16400.12 22.54 601.75 20.55
16456.75 22.54 651.87 18.47
16513.00 22.49 695.31 17.75
16571.00 21.85 732.75 11.84
16627.31 21.82 760.68 10.48
16683.93 21.92 773.81 5.68
16740.43 21.87 777.68 5.25
16796.75 21.80 769.12 8.33
16853.25 21.72 749.50 12.59
16909.56 21.72 716.93 15.72
16966.25 21.77 676.56 18.95
17022.75 21.72 630.81 19.95
17079.06 21.65 585.00 19.18
17135.50 21.72 534.93 18.64
17192.00 21.68 491.06 16.78
17248.37 21.63 450.06 13.43
17305.00 21.66 418.18 11.58
17361.43 21.80 395.81 5.77
17418.00 21.94 385.50 4.08
17474.18 21.89 386.06 7.21
17530.75 21.91 401.68 10.60
17587.31 21.82 424.50 14.43
17643.62 21.75 456.81 16.82
17700.25 21.90 497.93 18.81
17756.43 21.87 544.62 20.08
17813.00 21.92 590.37 19.53
17869.50 21.79 636.37 17.56
17925.87 21.72 678.31 16.97
17982.43 21.64 715.06 16.80
18038.87 21.74 740.18 8.75
18095.31 21.78 756.62 7.27
18152.18 21.41 763.43 8.90
18208.62 21.40 757.56 9.06
18265.18 21.42 741.68 9.94
18321.43 21.48 714.37 14.74
18378.00 21.51 680.56 14.80
18434.50 21.67 637.75 19.23
18490.87 21.55 593.68 17.48
18547.43 21.66 550.00 17.58
18603.75 21.63 507.06 15.36
18660.18 21.57 468.75 15.85
18716.75 21.64 436.68 10.77
18773.12 21.57 412.62 9.83
18829.62 21.43 402.62 5.31
18886.43 20.98 403.12 9.69
18942.87 20.98 411.87 7.62
18999.50 21.10 431.18 10.98
19056.00 20.93 460.00 12.06
19112.43 20.86 497.25 14.72
19170.31 20.79 538.43 17.47
19226.68 20.83 581.37 16.87
19283.06 20.97 628.62 15.28
19340.18 21.65 666.31 12.54
19396.68 21.92 699.43 11.39
19453.06 21.85 723.93 10.50
19509.56 21.85 742.62 6.41
19565.81 21.94 749.87 9.03
19622.43 21.66 745.31 4.83
19678.93 21.89 731.75 8.82
19735.25 21.93 708.00 12.12
19791.75 21.88 676.18 14.55
19848.06 21.79 641.37 16.45
19906.12 21.16 598.12 13.99
19962.62 21.20 557.56 13.98
20019.12 21.23 516.81 13.99
20075.43 21.28 480.43 12.20
20132.56 21.62 453.12 8.62
20189.12 21.48 429.93 7.77
20245.62 21.70 416.31 5.46
20302.00 21.63 418.56 7.84
20359.93 24.94 422.25 10.03
20416.18 25.00 440.81 11.91
20472.81 25.02 466.25 14.53
20529.75 24.98 498.50 15.20
20586.12 24.84 537.00 17.76
20642.62 24.76 578.06 17.94
20698.87 24.92 615.31 17.54
20755.43 24.78 651.68 16.04
20811.93 24.90 681.87 12.65
20868.37 24.77 708.93 9.40
20924.75 24.78 728.06 6.42
20981.31 24.79 732.50 3.84
21037.75 24.65 733.50 6.89
21094.25 24.76 719.18 9.79
21152.62 26.65 699.00 13.74
21208.75 26.81 673.68 16.27
21265.43 26.80 639.18 18.17
21322.31 26.41 601.68 18.19
21379.25 26.86 565.87 18.39
21436.31 26.95 527.12 16.41
21492.50 27.04 493.50 14.12
21548.93 26.99 465.43 12.94
21605.56 26.94 445.81 8.65
21662.00 26.85 432.25 7.39
21718.56 26.85 429.06 5.28
21774.81 26.86 434.56 7.42
21831.06 26.83 448.75 11.39
21887.87 26.85 470.18 14.12
21944.18 26.73 501.50 18.19
22000.81 26.69 533.12 19.61
22057.06 26.71 571.12 17.23
22113.75 26.71 606.93 18.98
22170.06 26.71 640.81 16.03
22226.50 26.83 671.06 15.13
22283.00 26.73 695.18 12.38
22339.43 26.94 713.06 7.76
22395.93 26.97 721.00 7.63
22453.87 28.02 719.00 7.81
22510.25 27.86 713.56 11.26
22566.81 27.87 695.31 12.94
22623.06 27.84 670.43 15.15
22679.62 27.84 640.87 18.02
22736.12 27.91 606.68 17.09
22792.43 27.78 571.25 17.76
22848.93 27.82 537.12 17.45
22905.31 27.80 504.68 15.08
22961.75 27.72 478.87 13.12
23018.81 27.82 457.06 8.17
23075.25 27.53 443.93 6.50
23131.75 27.72 439.00 5.36
23188.00 27.77 442.56 7.79
23244.62 27.69 454.75 10.24
23301.00 27.91 474.56 13.08
23357.56 27.68 500.75 15.40
23414.00 27.89 532.43 17.37
23470.37 28.06 564.31 18.42
23527.00 27.93 598.25 16.54
23583.37 27.85 630.31 14.91
23639.81 27.72 661.00 12.63
23696.31 27.73 685.62 10.75
23752.75 27.92 700.37 9.58
23809.12 27.67 710.62 6.23
23866.50 27.05 711.68 7.68
23922.93 26.98 704.37 8.82
23979.81 26.54 690.81 13.32
24037.81 27.08 666.06 14.64
24094.25 27.10 639.56 15.41
24150.81 27.08 609.75 17.29
24207.12 27.06 576.31 15.82
24263.50 27.08 545.18 13.60
24320.25 27.17 515.62 14.55
24377.06 27.57 489.75 11.97
24433.62 27.79 470.25 8.56
24489.87 27.71 456.18 6.39
24546.37 27.87 450.31 5.85
24602.93 27.64 452.93 7.22
24659.25 27.64 461.75 9.39
24715.75 27.74 483.06 12.83
24772.18 27.48 502.18 15.48
24828.56 27.63 528.87 14.97
24886.62 26.15 560.50 14.30
24942.93 26.09 592.12 14.04
24999.62 26.14 622.06 14.13
25056.00 25.93 648.18 12.61
25112.37 26.19 671.75 10.11
25168.87 26.21 689.31 6.41
25225.31 26.12 698.56 6.39
25281.75 26.26 699.87 4.44
25338.25 26.13 695.37 7.31
25394.68 26.47 682.68 8.79
25451.18 26.35 665.93 13.75
25507.56 26.29 640.25 13.48
25564.06 26.41 613.06 17.22
25620.50 26.05 582.18 17.46
25676.93 26.37 553.12 14.62
25733.50 26.18 525.56 13.03
25789.81 26.13 500.75 12.19
25846.31 26.24 483.56 8.28
25902.68 26.04 468.12 6.78
25959.18 26.25 460.87 4.29
26015.81 26.11 462.81 5.22
26072.12 26.06 468.50 7.91
26129.18 25.76 483.56 9.27
26185.62 25.62 501.37 11.18
26242.00 25.78 527.62 14.38
26298.43 25.78 555.62 13.67
26354.81 25.70 584.06 13.48
26412.00 26.46 612.56 13.06
26468.31 26.19 638.25 10.93
26524.62 26.48 657.37 9.68
26581.25 26.29 676.00 6.46
26637.50 26.14 685.31 4.57
26694.12 26.29 690.56 4.96
26750.56 26.02 689.18 6.92
26806.87 26.34 678.68 8.31
26863.56 26.10 663.25 9.35
26919.75 26.06 642.06 11.06
26976.43 26.15 616.81 11.77
27032.87 25.94 589.12 12.57
27089.43 26.23 561.87 12.00
27147.31 25.53 534.81 11.32
27203.50 25.48 512.43 10.02
27260.12 25.66 492.56 6.11
27316.68 25.55 479.18 4.88
27373.06 25.79 469.81 4.39
27429.62 25.73 469.37 5.28
27485.87 25.75 475.43 7.74
27542.56 25.84 487.37 8.62
27598.93 25.55 505.87 10.87
27655.25 25.73 526.43 11.97
27711.87 25.48 550.56 12.52
27768.00 25.54 580.00 14.94
27824.75 25.68 604.12 13.51
27881.06 25.41 629.06 13.35
27937.50 25.58 650.18 7.85
27994.62 25.80 666.50 7.41
28050.75 25.77 678.62 5.78
28107.43 25.93 680.31 4.07
28163.87 25.84 679.62 6.23
28220.37 25.86 672.31 8.09
28276.75 25.93 657.06 9.13
28333.12 26.03 639.62 11.16
28389.81 26.00 616.18 13.57
28446.18 26.04 593.00 12.75
28502.62 26.10 567.25 13.66
28559.06 26.07 543.31 9.99
28615.43 26.09 522.18 12.37
28672.12 25.90 503.37 8.59
28728.93 25.57 487.31 6.37
28785.12 25.75 482.56 7.22
28842.18 25.18 478.37 5.66
28898.62 25.29 483.43 6.45
