2 481
546 231
1052 1076
1560 297
2066 439
2574 1009
3080 192
3588 632
4094 871
4602 172
5108 792
5616 703
6122 211
6630 892
7136 547
7644 321
8150 909
8658 424
9164 452
9671 870
10178 342
10685 582
11192 798
11699 310
12207 693
12713 698
13221 336
13727 761
14235 584
14741 392
15249 793
15755 497
16263 480
16769 775
17277 434
17783 570
18291 727
18797 401
19305 630
19811 662
20319 418
20825 697
21333 597
21839 449
22347 717
22853 528
23361 498
23867 714
24375 490
24881 564
25389 693
25895 467
26402 604
26909 644
27416 467
27923 633
28430 607
28937 491
29444 669
29951 667
30458 624
30965 608
31472 598
31979 594
32486 591
32993 588
33500 594
34007 589
34514 591
35021 586
35528 589
36035 578
36542 581
37049 594
37556 595
38062 590
38570 586
39076 589
39584 582
40090 583
40598 579
41104 594
41612 595
42118 594
42626 587
43132 587
43640 587
44146 578
44654 584
45160 584
45668 596
46174 588
46682 591
47188 590
47696 587
48202 587
48710 581
49217 586
49724 600
50231 593
50738 588
51245 591
51752 589
52259 583
52766 583
53273 576
53780 586
54287 593
54793 594
55301 589
55807 587
56315 591
56821 583
57329 583
57835 582
58343 571
58849 591
59357 595
59863 54
60371 892
60877 695
61385 131
61891 998
62399 486
62905 295
63413 1010
63919 338
64427 471
64933 938
65441 254
65947 627
66455 813
66961 232
67469 766
67975 686
68483 279
68989 837
69497 542
70003 371
70511 855
71017 436
71524 487
72031 822
72538 381
73045 589
73552 755
74059 358
74566 684
75073 661
75580 365
76087 748
76594 577
77101 426
77608 766
78115 502
78622 494
79129 747
79636 451
80143 576
80650 710
81157 431
81664 634
82171 654
82678 440
83184 671
83692 587
84198 464
84706 702
85214 547
85720 508
86228 687
86734 505
87242 571
87748 662
88255 487
88762 613
89269 706
89776 636
90283 608
90790 608
91297 602
91804 593
92311 592
92818 584
93325 598
93832 587
94339 592
94846 593
95353 590
95860 585
96367 589
96874 583
97381 601
97888 588
98395 584
98902 593
99409 587
99915 583
100423 582
100929 584
101437 585
101943 585
102451 587
102957 591
103465 589
103971 586
104479 590
104985 587
105493 583
105999 579
106507 586
107013 597
107521 585
108027 590
108535 585
109041 583
109549 587
110055 578
110563 594
111069 592
111577 590
112083 587
112591 592
113097 586
113605 584
114111 583
114619 573
115125 594
115633 590
116139 587
116646 587
117153 586
117660 585
118167 588
118674 582
119181 232
119688 494
120195 1019
120702 136
121210 694
121716 850
122224 132
122730 834
123238 664
123744 216
124252 936
124758 503
125266 347
125772 940
126280 358
126786 487
127294 874
127800 299
128308 632
128814 792
129322 285
129828 736
130336 669
130842 313
131350 803
131856 544
132364 411
132870 826
133377 455
133884 498
134391 782
134898 398
135405 579
135912 728
136419 397
136926 669
137433 655
137940 406
138447 715
138954 570
139461 448
139968 729
140475 510
140982 514
141489 724
141996 473
142503 571
143010 683
143517 456
144024 621
144531 638
145037 481
145545 670
146051 586
146559 489
147065 680
147573 545
148079 522
148587 700
149093 639
149601 622
150107 607
150615 598
151121 597
151629 591
152135 589
152643 586
153149 587
153657 600
154163 590
154671 594
155177 587
155685 587
156191 588
156699 588
157206 587
157713 589
158220 593
158727 591
159234 592
159741 585
160248 590
160755 588
161262 586
161768 581
162276 587
162782 594
163290 578
163796 587
164304 580
164810 590
165318 586
165824 584
166332 581
166838 594
167346 593
167852 587
168360 588
168866 587
169374 586
169880 584
170388 581
170894 584
171402 591
171908 591
172416 591
172922 590
173430 589
173936 589
174444 582
174950 584
175458 595
175964 584
176472 589
176978 589
177486 586
177992 583
178499 589
179006 132
179513 1047
180020 433
180527 306
181034 1042
181541 274
182048 507
182555 946
183062 196
183569 677
184076 811
184583 207
185090 814
185597 661
186104 261
186611 878
187118 510
187625 369
188132 881
188639 406
189146 504
189653 836
190159 347
190667 619
191173 749
191681 332
192187 698
192695 661
193201 370
193708 766
194215 560
194722 426
195229 776
195736 476
196243 514
196750 750
197257 431
197764 600
198271 707
198778 415
199285 650
199792 640
200299 426
200806 691
201313 574
201820 480
202327 710
202834 520
203341 522
203848 697
204355 484
204861 573
205369 666
205875 478
206383 620
206889 647
207397 477
207903 650
208411 675
208917 623
209425 606
209931 614
210439 608
210945 593
211453 596
211959 591
212467 586
212973 590
213481 587
213987 588
214495 598
215001 590
215509 588
216015 590
216523 587
217029 585
217537 585
218043 584
218551 601
219057 596
219565 588
220071 589
220579 589
221085 582
221592 585
222099 584
222606 585
223113 561
223620 589
224127 590
224634 590
225141 590
225648 588
226155 587
226662 588
227169 604
227676 589
228183 586
228690 590
229197 582
229704 588
230212 582
230718 585
231226 582
231732 590
232240 590
232746 586
233254 586
233760 584
234268 586
234774 585
235282 590
235788 582
236296 589
236802 591
237310 586
237816 588
238323 76
238830 757
239337 840
239844 98
240351 910
240858 630
241365 208
241872 979
242379 449
242886 349
243393 965
243900 315
244407 512
244914 897
245421 261
245928 666
246435 767
246942 269
247449 774
247956 641
248463 314
248970 838
249477 521
249983 413
250491 837
250997 427
251505 520
252011 786
252519 373
253025 617
253533 713
254039 374
254547 698
255053 636
255561 397
256067 745
256575 555
257081 443
257589 755
258095 489
258603 521
259109 731
259617 458
260123 583
260631 681
261137 440
261645 633
262151 640
262659 450
263165 680
263673 578
264179 490
264687 685
265193 526
265701 529
266208 677
266714 505
267222 579
267728 716
268236 633
268742 608
269250 604
269756 594
270264 590
270770 594
271278 592
271784 590
272292 592
272798 587
273306 587
273812 591
274320 584
274826 596
275334 592
275840 595
276348 588
276854 589
277362 586
277868 585
278376 589
278882 580
279390 583
279896 594
280404 592
280910 584
281418 587
281924 589
282432 581
282938 582
283445 596
283952 593
284459 590
284966 594
285473 589
285980 584
286487 574
286994 579
287501 582
288008 597
288515 594
289022 591
289529 586
290036 591
290543 584
291050 584
291557 584
292064 604
292571 593
293078 592
293585 591
294092 587
294599 584
295105 580
295613 577
296119 591
296627 596
297133 589
297641 362
298147 340
298655 1070
299161 220
299669 551
300175 948
300683 145
301189 744
301697 792
302203 174
302711 860
303218 608
303725 258
304232 917
304739 461
305246 407
305753 915
306260 354
306767 530
307274 849
307781 297
308288 651
308794 738
309302 303
309808 757
310316 630
310822 358
311330 800
311836 524
312344 432
312850 805
313358 441
313864 532
314372 771
314878 401
315386 568
315892 704
316400 402
316906 670
317414 627
317920 423
318428 717
318934 559
319442 470
319948 722
320456 502
320962 537
321470 697
321976 475
322484 595
322990 661
323498 458
324004 637
324512 608
325018 475
325525 668
326032 569
326539 496
327046 682
327553 654
328060 619
328567 607
329074 603
329581 593
330088 595
330595 588
331102 592
331609 592
332116 582
332623 588
333130 589
333637 585
334144 586
334651 585
335158 585
335665 588
336172 594
336679 592
337185 592
337693 588
338199 590
338707 585
339220 586
339726 593
340234 593
340740 591
341248 589
341754 582
342262 589
342768 586
343276 579
343782 582
344290 589
344796 593
345304 592
345810 592
346318 586
346824 584
347332 586
347838 583
348346 593
348852 590
349360 596
349866 588
350374 587
350880 585
351388 586
351894 587
352402 585
352908 594
353416 593
353922 587
354430 589
354936 578
355444 588
355950 584
356457 583
356964 599
357471 80
357978 987
358485 565
358992 209
359499 1031
360006 380
360513 381
361020 991
361527 264
362034 573
362541 891
363048 205
363555 725
364062 750
364569 233
365076 824
365583 601
366090 320
366597 873
367104 486
367611 425
368117 862
368625 384
369131 542
369639 795
370145 349
370653 651
371159 712
371667 355
372173 721
372681 617
373187 397
373695 762
374201 529
374708 464
375215 770
375722 458
376229 546
376736 732
377243 430
377750 610
378257 673
378764 433
379271 666
379777 617
380285 448
380791 699
381299 554
381805 493
382313 702
382819 498
383327 545
383833 688
384341 484
384847 593
385355 656
385861 477
386369 623
386875 692
387383 630
387889 615
388397 602
388903 598
389411 596
389917 596
390425 589
390931 584
391439 589
391945 590
392453 591
392959 592
393467 589
393973 585
394481 588
394987 586
395495 580
396001 592
396508 586
397015 592
397522 589
398029 590
398536 590
399043 584
399550 583
400057 581
400564 591
401071 592
401578 594
402085 580
402592 590
403099 585
403606 580
404113 583
404620 586
405127 593
405634 592
406141 593
406648 591
407155 589
407662 587
408168 576
408676 580
409182 590
409690 592
410196 586
410704 592
411212 587
411718 586
412226 585
412732 581
413239 597
413746 593
414253 593
414760 579
415267 590
415774 587
416281 586
416788 134
417295 618
417802 946
418309 107
418816 812
419323 750
419830 156
420337 921
420844 556
421351 269
421858 955
422365 417
422872 418
423379 931
423886 319
424393 572
424899 836
425407 262
425913 699
426421 717
426927 303
427435 794
427941 591
428449 360
428955 818
429463 480
429969 455
430477 807
430983 410
431491 566
431997 760
432505 378
433011 652
433519 682
434025 388
434533 705
435039 610
435547 430
436053 741
436561 536
437067 480
437575 735
438081 482
438589 541
439095 698
439603 462
440109 608
440617 660
441123 456
441630 643
442137 612
442644 468
443151 674
443658 536
444165 508
444672 686
445179 521
445686 548
446193 710
446700 636
447208 617
447714 605
448222 604
448728 596
449236 598
449742 592
450250 588
450756 590
451264 589
451770 583
452278 599
452784 599
453292 588
453798 589
454306 579
454812 589
455320 585
455826 588
456334 580
456840 591
457348 592
457854 595
458361 591
458868 590
459375 587
459882 581
460389 587
460896 595
461403 588
461910 587
462417 586
462924 592
463431 587
463938 588
464445 582
464952 580
465459 592
465966 586
466473 590
466980 587
467487 591
467994 583
468501 590
469008 585
469515 590
470021 592
470529 584
471035 589
471543 590
472049 592
472557 584
473063 585
473571 586
474077 588
474585 587
475091 593
475599 589
476105 492
476613 230
477119 1076
477627 301
478133 435
478641 1010
479147 198
479655 631
480161 881
480669 170
481175 782
481683 713
482189 215
482697 882
483203 554
483711 324
484226 911
484732 418
485240 469
485746 869
486254 320
486760 607
487268 788
487774 309
488282 703
488788 693
489296 333
489802 764
490310 576
490816 387
491324 801
491830 492
492338 483
492844 784
493352 435
493858 568
494366 728
494872 407
495380 633
495886 668
496394 425
496900 698
497408 596
497914 449
498422 711
498928 525
499436 502
499942 716
500449 484
500956 564
501463 687
501970 469
502477 607
502984 635
503491 461
503998 639
504505 602
505012 497
505519 668
506026 659
506533 620
507040 601
507547 593
508054 594
508561 598
509068 592
509575 600
510082 591
510589 585
511096 587
511603 582
512109 588
512617 584
513123 593
513631 596
514137 588
514645 589
515151 582
515659 590
516165 585
516673 582
517179 596
517687 596
518193 590
518701 585
