2 481
445 94
853 873
1259 903
1667 142
2073 446
2480 1040
2887 495
3294 174
3701 842
4108 856
4514 217
4922 474
5328 976
5736 505
6142 229
6548 792
6956 779
7362 265
7770 495
8176 922
8583 540
8990 280
9397 763
9804 782
10211 310
10617 494
11025 861
11431 539
11839 329
12245 736
12652 752
13059 353
13465 504
13873 821
14279 531
14687 355
15093 703
15500 719
15907 389
16314 543
16721 793
17128 548
17534 403
17941 689
18348 698
18755 415
19162 529
19568 743
19976 537
20382 434
20790 674
21196 685
21603 443
22010 543
22417 724
22824 546
23230 465
23638 656
24044 651
24451 466
24858 553
25265 707
25672 550
26079 463
26485 640
26893 644
27299 470
27707 548
28113 688
28519 553
28927 485
29333 647
29741 712
30147 637
30554 619
30961 607
31368 602
31775 596
32182 589
32588 591
32996 585
33402 595
33810 595
34216 592
34622 593
35030 586
35436 590
35844 586
36250 584
36658 585
37064 583
37471 591
37878 590
38285 585
38692 585
39099 581
39505 587
39913 582
40319 581
40727 584
41133 591
41539 587
41947 595
42353 590
42761 589
43167 589
43574 592
43981 597
44388 586
44795 583
45202 585
45608 583
46016 582
46422 596
46829 589
47236 589
47643 587
48050 587
48456 590
48864 585
49270 589
49678 585
50084 584
50491 593
50898 587
51305 586
51712 586
52118 585
52525 583
52932 581
53339 581
53746 586
54153 589
54559 588
54967 592
55373 593
55781 577
56187 586
56594 589
57001 585
57407 581
57815 584
58221 579
58628 582
59035 600
59442 588
59849 56
60256 670
60663 1043
61070 290
61476 259
61884 984
62290 709
62698 125
63104 636
63510 973
63918 332
64324 305
64732 932
65138 688
65545 193
65952 644
66359 918
66766 372
67173 344
67579 870
67987 676
68393 266
68801 631
69207 855
69613 418
70021 387
70427 821
70835 652
71241 306
71649 617
72055 822
72462 437
72869 419
73276 785
73683 646
74090 353
74496 608
74904 771
75310 454
75718 430
76124 741
76530 631
76938 388
77344 610
77752 750
78158 469
78565 457
78972 729
79379 626
79786 410
80193 604
80599 721
81007 492
81413 479
81821 710
82227 623
82633 437
83040 595
83446 705
83854 495
84260 488
84668 688
85074 620
85480 458
85888 600
86294 685
86702 517
87108 505
87515 667
87922 609
88329 480
88736 578
89143 702
89549 648
89957 625
90363 609
90771 602
91177 598
91583 591
91991 595
92397 596
92805 592
93211 590
93618 584
94025 593
94432 589
94839 591
95246 590
95653 586
96060 587
96466 586
96874 586
97280 584
97688 582
98094 591
98500 590
98908 588
99314 588
99722 590
100128 584
100535 587
100942 586
101349 583
101756 578
102163 579
102569 589
102977 592
103383 583
103790 590
104197 587
104603 585
105011 593
105417 588
105825 585
106231 585
106639 599
107045 591
107452 595
107859 597
108266 586
108673 590
109079 586
109486 584
109893 585
110300 587
110707 575
111114 591
111520 591
111928 588
112334 588
112742 586
113148 587
113555 588
113962 575
114368 576
114776 578
115182 574
115589 588
115996 588
116403 587
116810 591
117217 591
117623 591
118031 584
118437 587
118845 582
119251 114
119659 434
120065 1083
120471 509
120879 133
121285 844
121693 887
122099 188
122506 449
122913 1001
123320 510
123727 195
124134 806
124540 846
124948 255
125354 477
125762 941
126168 527
126574 253
126982 762
127388 793
127796 291
128202 488
128609 888
129016 529
129423 311
129830 749
130237 765
130644 338
131051 500
131457 839
131865 530
132271 347
132679 722
133085 742
133491 379
133899 517
134305 784
134713 535
135119 374
135526 691
135933 706
136340 401
136747 524
137154 768
137560 556
137968 413
138374 676
138782 690
139188 435
139594 528
140002 730
140408 550
140816 434
141222 676
141629 682
142036 464
142443 546
142850 712
143257 560
143664 460
144071 648
144477 662
144884 480
145291 538
145698 699
146105 567
146511 481
146919 639
147325 646
147733 489
148139 555
148546 680
148953 648
149360 623
149767 609
150173 610
150580 605
150987 597
151394 593
151801 591
152208 586
152614 584
153022 583
153428 578
153836 582
154242 592
154650 597
155056 592
155462 588
155870 586
156276 588
156684 584
157090 583
157497 586
157904 584
158311 583
158718 591
159125 593
159531 590
159939 590
160345 589
160753 587
161159 586
161565 586
161973 584
162379 581
162787 581
163193 593
163600 590
164007 587
164414 585
164821 587
165228 578
165634 586
166042 583
166448 586
166856 584
167262 596
167670 595
168076 595
168482 592
168890 590
169296 581
169704 585
170110 585
170517 582
170924 581
171331 583
171738 593
172145 593
172551 592
172959 588
173365 587
173773 587
174179 588
174585 587
174993 579
175399 582
175807 582
176213 586
176620 588
177027 588
177434 585
177841 586
178248 587
178655 281
179062 215
179468 1011
179875 727
180282 98
180689 646
181096 1015
181502 331
181910 273
182316 950
182724 707
183130 158
183537 634
183944 942
184351 359
184758 320
185164 902
185571 687
185978 235
186385 627
186792 893
187199 390
187605 354
188013 850
188419 670
188827 279
189233 612
189641 851
190047 422
190453 385
190861 807
191267 655
191675 327
192081 609
192488 803
192895 444
193302 424
193709 781
194116 657
194522 366
194930 603
195336 771
195744 467
196150 439
196556 739
196964 633
197370 391
197778 608
198184 739
198591 487
198998 471
199405 718
199812 619
200219 425
200625 601
201033 709
201439 482
201847 484
202253 696
202661 619
203067 443
203473 598
203881 694
204287 511
204695 500
205101 681
205508 610
205915 463
206322 602
206729 681
207136 517
207542 503
207950 667
208356 691
208764 633
209170 615
209576 602
209984 607
210390 612
210798 601
211204 598
211611 591
212018 589
212425 587
212832 588
213239 587
213646 579
214053 576
214459 578
214867 586
215273 582
215680 588
216087 586
216493 586
216901 594
217307 588
217715 588
218121 583
218528 588
218935 580
219342 592
219749 587
220156 588
220562 584
220969 587
221376 586
221783 586
222190 585
222596 582
223004 581
223410 591
223818 590
224224 588
224631 590
225038 586
225445 588
225852 582
226258 578
226666 582
227072 582
227479 580
227886 590
228293 592
228700 589
229107 595
229513 587
229921 587
230327 595
230735 586
231141 586
231547 585
231955 583
232361 593
232769 593
233175 586
233582 587
233989 587
234396 588
234803 586
235210 587
235616 587
236024 581
236430 592
236838 589
237244 592
237652 589
238058 515
238464 83
238872 850
239278 923
239686 158
240092 411
240499 1033
240906 531
241313 160
241720 814
242127 880
242533 232
242941 441
243347 973
243755 535
244161 220
244567 767
244975 845
245381 286
245789 467
246195 913
246602 535
247009 277
247416 738
247823 792
248230 334
248638 478
249045 853
249451 566
249859 323
250265 715
250673 755
251079 363
251485 495
251893 811
252299 540
252707 369
253113 702
253520 727
253927 408
254334 516
254741 776
255148 556
255554 397
255962 676
256368 707
256776 424
257182 520
257588 748
257996 563
258402 427
258810 668
259216 691
259623 444
260030 528
260437 721
260844 564
261251 443
261658 646
262065 669
262471 472
262879 532
263285 704
263693 562
264099 462
264505 635
264913 660
265319 479
265727 533
266133 686
266540 566
266947 488
267354 633
267761 716
268168 640
268574 619
268982 610
269388 604
269796 591
270202 598
270608 590
271016 599
271422 597
271830 588
272236 590
272644 589
273050 590
273457 589
273864 585
274271 585
274678 574
275085 572
275491 585
275898 588
276305 583
276712 585
277119 584
277525 581
277933 587
278339 587
278747 581
279153 581
279560 583
279967 594
280374 593
280781 589
281187 589
281594 589
282001 587
282408 588
282815 589
283222 584
283628 578
284036 594
284442 593
284850 593
285256 591
285664 589
286070 586
286476 590
286884 587
287290 585
287698 577
288104 579
288511 589
288918 584
289325 586
289732 590
290139 585
290545 585
290953 588
291359 587
291767 587
292173 586
292579 600
292987 592
293393 592
293801 598
294207 590
294614 585
295021 587
295428 584
295835 585
296242 583
296649 582
297056 590
297462 587
297870 64
298276 640
298684 1049
299090 324
299496 240
299904 959
300310 724
300718 123
301124 605
301531 977
301938 363
302345 296
302752 914
303159 710
303565 212
303973 611
304379 909
304787 400
305193 333
305599 864
306007 692
306413 268
306821 615
307227 864
307634 419
308041 379
308448 821
308855 660
309262 303
309669 610
310075 825
310482 447
310889 407
311296 784
311703 655
312110 348
312516 600
312924 780
313330 454
313738 425
314144 744
314551 650
314958 382
315364 600
315772 755
316178 481
316585 455
316992 725
317399 633
317806 406
318213 588
318619 730
319027 505
319433 476
319841 707
320247 626
320655 442
321061 592
321467 701
321875 496
322281 488
322689 677
323095 620
323502 473
323909 592
324316 682
324723 516
325130 501
325536 656
325944 599
326350 472
326758 584
327164 724
327570 649
327978 623
328384 611
328792 600
329198 602
329605 598
330012 592
330419 590
330826 593
331233 584
331640 594
332047 591
332453 591
332861 588
333267 589
333675 586
334081 587
334487 586
334895 589
335301 587
335709 579
336115 590
336522 593
336929 588
337336 587
337743 583
338150 581
338556 583
338964 582
339370 582
339778 582
340184 590
340590 589
340998 594
341404 592
341812 588
342218 588
342625 593
343032 586
343439 586
343846 587
344253 583
344660 594
345067 591
345473 595
345880 591
346287 587
346694 595
347101 581
347507 585
347915 586
348321 583
348729 584
349135 594
349542 591
349949 582
350356 582
350763 586
351169 585
351576 577
351983 580
352390 583
352797 594
353204 594
353610 595
354018 592
354424 593
354832 587
355238 587
355646 583
356052 583
356458 584
356866 583
357272 137
357680 404
358086 1076
358493 533
358900 136
359307 822
359714 904
360121 198
360527 423
360935 999
361341 529
361749 213
362155 796
362561 865
362969 254
363375 448
363783 935
364189 538
364596 250
365003 752
365410 809
365817 304
366224 468
366630 888
367038 548
367444 300
367852 730
368258 783
368666 348
369072 480
369478 834
369886 553
370292 328
370700 704
371106 750
371513 388
371920 498
372327 797
372734 554
373141 375
373547 676
373955 723
374361 410
374769 512
375175 757
375581 560
375989 400
376395 661
376803 699
377209 439
377616 517
378023 730
378430 555
378837 433
379244 660
379651 681
380058 461
380464 531
380872 714
381278 566
381685 454
382092 643
382498 666
382906 468
383312 535
383720 697
384126 569
384533 473
384940 638
385347 653
385754 490
386161 547
386567 672
386974 665
387381 620
387788 613
388195 606
388601 601
389009 597
389415 591
389823 589
390229 589
390636 588
391043 593
391450 586
391857 589
392263 593
392671 593
393077 589
393484 591
393891 591
394298 582
394705 584
395112 586
395518 583
395926 584
396332 586
396740 589
397146 589
397552 590
397960 589
398366 588
398774 576
399180 587
399587 583
399994 572
400401 579
400808 590
401215 590
401621 589
402029 589
402435 585
402843 590
403249 581
403657 586
404063 588
404469 587
404877 586
405283 593
405691 588
406097 593
406504 589
406911 587
407318 587
407725 591
408132 582
408538 585
408946 584
409352 603
409760 590
410166 592
410572 585
410980 588
411386 588
411794 587
412200 585
412607 580
413014 580
413421 579
413828 588
414235 591
414642 588
415049 590
415455 584
415863 587
416269 587
