2 490
245 108
452 105
659 458
866 898
1072 1076
1279 869
1485 441
1693 127
1899 161
2105 518
2312 905
2518 1026
2726 806
2932 413
3138 150
3345 233
3551 568
3759 913
3965 993
4172 755
4378 380
4584 183
4792 277
4998 607
5205 905
5411 941
5619 712
5825 373
6032 199
6238 316
6444 633
6652 890
6858 900
7065 683
7271 368
7477 243
7685 375
7891 666
8098 879
8304 871
8511 626
8718 359
8925 266
9131 415
9337 688
9544 871
9751 823
9958 583
10164 354
10370 296
10577 453
10784 702
10991 845
11197 784
11404 578
11610 362
11818 321
12024 499
12230 718
12437 831
12662 735
12869 528
13075 358
13282 367
13488 536
13748 774
13954 804
14160 656
14367 456
14573 353
14890 516
15096 705
15303 785
15509 707
15783 475
15989 375
16196 438
16402 613
16608 757
16948 695
17155 513
17361 396
17567 420
17775 562
17981 720
18188 755
18394 656
18601 499
18808 404
19015 433
19221 577
19427 711
19635 739
19841 639
20048 505
20254 420
20461 457
20668 595
20874 715
21081 730
21287 629
21494 487
21701 425
21908 480
22114 609
22320 708
22527 715
22734 604
22941 480
23147 428
23354 491
23560 616
23768 708
23974 686
24180 581
24387 501
24593 456
24801 515
25007 628
25213 702
25420 681
25627 585
25834 484
26040 460
26247 533
26453 629
26661 687
26867 661
27073 568
27280 488
27486 473
27694 541
27900 625
28106 682
28313 639
28519 525
28727 498
28933 487
29140 562
29346 643
29552 691
29760 699
29966 669
30173 636
30379 623
30586 619
30793 606
31000 607
31206 608
31412 601
31620 593
31826 601
32033 591
32239 594
32445 589
32653 585
32859 592
33066 598
33272 598
33479 593
33686 600
33893 596
34099 591
34305 599
34512 585
34719 589
34926 618
35132 591
35338 589
35545 583
35752 586
35959 585
36165 581
36372 582
36578 587
36786 582
36992 579
37198 584
37405 594
37611 588
37818 594
38025 590
38231 585
38438 596
38664 592
38870 587
39077 585
39283 591
39489 588
39697 591
39903 585
40110 592
40316 585
40523 585
40730 583
40937 579
41143 583
41349 581
41556 586
41763 591
41970 592
42176 592
42382 588
42589 588
42796 588
43003 589
43209 587
43416 588
43623 582
43830 595
44036 587
44242 585
44449 584
44656 579
44863 587
45069 584
45275 584
45482 583
45689 589
45896 584
46102 594
46309 594
46515 587
46723 594
46929 590
47135 589
47342 591
47548 585
47756 586
47962 588
48169 587
48375 582
48581 587
48789 575
48995 587
49202 584
49408 581
49614 584
49822 586
50028 583
50235 578
50441 598
50649 590
50855 587
51061 588
51268 583
51474 594
51682 593
51888 589
52095 583
52301 592
52507 590
52715 590
52921 589
53128 583
53334 584
53541 590
53748 585
53955 580
54161 590
54367 586
54574 585
54781 593
54988 591
55194 593
55400 590
55607 591
55814 588
56021 595
56227 595
56434 589
56641 588
56848 583
57054 587
57260 585
57467 593
57674 581
57881 590
58087 585
58293 592
58500 581
58707 582
58914 584
59120 592
59327 591
59533 521
59741 135
59947 100
60153 434
60360 875
60566 1073
60774 885
60980 475
61187 139
61393 147
61599 480
61807 883
62013 1034
62220 833
62426 434
62634 157
62840 201
63046 532
63253 881
63459 999
63667 782
63873 416
64080 185
64286 257
64492 588
64700 894
64906 950
65113 727
65319 393
65525 208
65733 316
65939 620
66146 879
66352 907
66559 674
66766 371
66973 230
67179 356
67385 647
67592 872
67799 875
68006 637
68212 375
68419 264
68626 400
68832 678
69039 865
69245 835
69452 606
69659 363
69866 287
70072 444
70278 693
70485 851
70692 786
70899 568
71105 358
71312 313
71518 471
71726 699
71932 832
72138 763
72345 558
72551 370
72759 351
72965 513
73171 725
73378 818
73584 723
73792 543
73998 373
74205 375
74411 537
74619 719
74825 796
75031 697
75238 508
75444 375
75652 403
75858 549
76064 719
76271 775
76477 682
76685 508
76891 403
77098 422
77304 568
77510 725
77718 764
77924 655
78131 496
78337 399
78544 452
78751 594
78958 721
79164 733
79370 626
79577 486
79784 413
79991 470
80197 601
80403 712
80610 718
80817 616
81024 480
81230 430
81437 496
81662 636
81868 710
82075 707
82281 581
82488 470
82747 459
82954 537
83160 656
83366 701
83573 647
83780 545
83987 452
84193 472
84399 555
84606 658
84813 698
85020 643
85226 538
85433 469
85640 490
85847 583
86053 665
86259 678
86466 616
86673 523
86880 472
87086 506
87292 586
87499 666
87706 670
87913 605
88119 514
88326 472
88532 511
88740 593
88946 661
89152 703
89359 692
89565 648
89773 632
89979 614
90186 612
90392 614
90598 607
90806 604
91012 599
91219 599
91425 597
91633 591
91839 590
92045 590
92252 587
92458 592
92666 591
92872 580
93079 587
93285 585
93491 584
93699 586
93905 592
94112 595
94318 591
94524 593
94732 588
94938 591
95145 590
95351 587
95558 590
95765 585
95972 587
96178 587
96384 584
96591 591
96798 588
97005 587
97211 585
97418 585
97625 584
97831 583
98038 594
98244 593
98451 588
98658 594
98865 588
99071 585
99277 591
99484 586
99691 598
99898 587
100104 589
100311 586
100517 590
100725 586
100931 585
101137 584
101344 583
101550 584
101758 583
101964 582
102170 584
102377 590
102583 591
102791 587
102997 592
103204 585
103410 591
103618 573
103824 586
104030 584
104237 584
104443 588
104651 586
104857 583
105063 583
105270 587
105476 586
105684 583
105890 586
106097 580
106303 583
106509 585
106717 593
106923 591
107130 595
107336 590
107543 591
107750 584
107957 584
108163 588
108369 584
108576 587
108783 586
108990 583
109196 585
109402 583
109609 585
109816 585
110023 583
110229 585
110436 580
110643 580
110850 587
111056 593
111262 596
111469 587
111676 589
111883 589
112089 589
112295 590
112502 583
112709 590
112916 586
113122 585
113329 588
113535 582
113743 586
113949 587
114155 586
114362 579
114568 590
114776 584
114982 581
115189 581
115395 590
115601 592
115809 591
116015 589
116222 587
116428 593
116636 588
116842 581
117048 589
117255 584
117461 588
117669 589
117875 590
118082 586
118288 590
118494 579
118702 587
118908 583
119115 348
119321 65
119527 179
119735 606
119941 990
120148 1064
120354 758
120561 326
120768 99
120975 243
121181 644
121387 980
121594 999
121801 698
122008 313
122214 137
122421 308
122628 681
122834 957
123041 945
123247 641
123454 296
123661 165
123868 364
124074 712
124280 952
124487 899
124694 605
124901 298
125107 212
125314 412
125520 734
125728 933
125934 853
126140 558
126347 293
126553 239
126761 454
126967 741
127173 908
127380 809
127586 529
127794 296
128000 277
128207 489
128413 764
128621 891
128827 771
129033 513
129240 311
129446 320
129654 527
129860 768
130066 858
130273 729
130479 495
130687 323
130893 352
131100 552
131306 766
131512 831
131720 698
131926 469
132133 327
132339 378
132546 584
132753 779
132960 816
133166 684
133372 470
133579 349
133786 417
133993 601
134199 774
134405 787
134612 650
134818 453
135025 361
135231 442
135438 622
135645 755
135851 746
136058 614
136264 449
136471 387
136678 467
136885 628
137091 763
137297 731
137504 600
137711 446
137918 409
138124 499
138331 648
138537 743
138745 702
138951 579
139157 447
139364 421
139570 513
139778 654
139984 734
140190 687
140397 555
140603 433
140811 436
141017 532
141224 658
141430 728
141638 670
141844 549
142050 457
142257 458
142463 557
142671 664
142877 709
143083 648
143290 552
143496 454
143704 475
143910 568
144117 654
144323 686
144529 639
144737 526
144943 464
145150 482
145356 572
145563 665
145770 691
145977 621
146183 521
146389 472
146596 498
146803 590
147010 671
147216 678
147422 612
147630 519
147836 478
148043 506
148249 603
148456 661
148663 714
148870 682
149076 640
149282 628
149489 613
149696 607
149903 600
150109 611
150315 616
150522 603
150729 601
150936 597
151142 599
151349 598
151555 594
151763 586
151969 599
152175 587
152382 587
152588 587
152796 583
153002 589
153209 585
153415 584
153622 579
153829 590
154035 586
154242 582
154448 596
154656 592
154862 591
155068 592
155275 590
155481 591
155689 600
155895 590
156102 587
156308 587
156514 581
156722 587
156928 586
157135 588
157341 586
157547 582
157755 583
157961 583
158168 583
158374 580
158581 584
158788 591
158995 591
159201 592
159407 589
159614 588
159821 588
160028 588
160234 587
160441 590
160648 590
160854 588
161061 586
161267 583
161474 585
161681 583
161888 586
162094 580
162300 587
162507 585
162714 579
162921 586
163127 589
163334 593
163540 592
163748 590
163954 585
164160 592
164367 588
164573 586
164781 588
164987 587
165193 587
165400 580
165606 583
165814 580
166020 590
166227 583
166433 580
166641 580
166847 579
167053 583
167260 597
167466 586
167674 585
167880 594
168086 594
168293 589
168499 589
168707 588
168913 592
169120 589
169326 582
169532 582
169740 591
169946 587
170153 583
170359 585
170566 577
170773 587
170980 580
171186 583
171392 573
171599 603
171806 593
172013 589
172219 594
172425 584
172633 589
172839 573
173046 588
173252 584
173459 582
173666 577
173873 588
174079 585
174285 585
174492 589
174699 585
174906 584
175112 583
175318 581
175525 583
175732 581
175939 594
176145 587
176352 595
176558 591
176766 590
176972 583
177178 587
177385 590
177591 584
177799 585
178005 585
178212 594
178418 587
178625 342
178832 58
179038 183
179245 600
179451 985
179659 1049
179865 750
180071 322
180278 107
180484 253
180692 643
180898 982
181105 1003
181311 698
181517 305
181725 133
181931 311
182138 686
182344 972
182550 946
182758 639
182964 296
183171 165
183377 356
183584 704
183791 952
183998 890
184204 600
184410 288
184618 215
184824 415
185031 739
185237 931
185444 849
185651 566
185857 301
186064 248
186270 450
186477 741
186684 902
186891 807
187097 535
187303 301
187510 282
187717 488
187924 756
188130 873
188337 761
188543 504
188751 303
188957 329
189163 526
189370 773
189576 859
189784 730
189990 493
190196 321
190403 364
190609 560
190817 772
191023 826
191230 691
191436 476
191644 336
191850 386
192056 577
192263 763
192469 800
192677 659
192883 452
193089 349
193296 429
193502 612
193710 771
193916 779
194123 643
194329 459
194535 370
194743 446
194949 622
195156 765
195362 755
195569 611
195776 440
195983 385
196189 466
196395 642
196602 756
196809 735
197016 606
197222 436
197428 396
197636 500
197842 660
198049 748
198255 713
198462 581
198669 445
198876 421
199082 517
199288 662
199495 731
199702 691
199909 555
200115 445
200321 430
200528 532
200735 656
200942 725
201148 669
201355 542
201561 448
201769 441
201975 558
202181 674
202388 716
202594 657
202802 537
203008 460
203215 466
203421 571
203628 671
203835 701
204041 637
204248 526
204454 463
204662 483
204868 576
205074 663
205281 689
205487 623
205695 522
205901 466
206108 489
206314 588
206520 668
206728 678
206934 608
207141 531
207347 481
207553 514
207761 595
207967 661
208174 717
208380 681
208587 646
208794 629
209001 620
209207 612
209413 605
209621 602
209827 597
210034 597
210240 605
210447 591
210654 599
210860 602
211067 596
211273 590
211480 597
211687 592
211894 595
212100 590
212306 589
212513 589
212720 593
212927 586
213133 587
213340 585
213546 585
213754 587
213960 585
214166 571
214373 585
214579 581
214787 586
214993 596
215199 595
215406 584
215612 593
215819 590
216025 586
216231 588
216438 587
216645 589
216852 590
217058 587
217265 591
217471 584
217679 583
217885 580
218091 581
218298 579
218504 585
218712 584
218918 583
219124 576
219331 592
219537 591
219745 592
219951 589
220158 590
220364 587
220570 589
220778 586
220984 584
221191 588
221397 589
221604 585
221811 586
222018 581
222224 586
222430 588
222638 584
222844 579
223051 581
223257 589
223463 584
223671 594
223877 585
224084 592
224290 593
224497 588
224704 581
224911 589
225117 586
225323 588
225530 587
225737 584
225944 584
226150 589
226356 584
226563 583
226770 585
226977 588
227183 583
227390 580
227596 578
227804 580
228010 593
228216 597
228423 589
228630 590
228837 589
229043 590
229250 589
229456 584
229663 589
229870 590
230076 588
230283 585
230489 593
230697 588
230903 584
231109 586
231316 575
231522 591
231730 585
231936 583
232143 583
232349 588
232555 590
232763 590
232969 591
233176 587
233382 593
233588 591
233796 591
234002 590
234209 588
234415 588
234623 584
234829 584
235036 578
235242 592
235448 583
235656 585
235862 582
236069 580
236275 585
236482 609
236689 595
236895 587
237102 597
237308 588
237515 588
237722 587
237929 588
238135 343
238341 67
238548 191
238755 606
238962 1002
239168 1045
239375 738
239581 310
239789 92
239995 262
240201 651
240408 979
240614 981
240822 700
241028 300
241234 145
241441 321
241648 689
241855 972
242061 943
242268 642
242474 293
242681 185
242888 383
243094 717
243301 946
243507 886
243715 593
243921 288
244127 210
244334 413
244540 732
244748 925
244954 841
245161 565
245367 295
245573 262
245781 470
245987 762
246194 903
246400 796
246606 526
246814 297
247020 293
247227 502
247433 773
247641 878
247847 751
248054 497
248260 301
248466 327
248674 536
248880 771
249087 847
249293 719
249500 483
249707 326
249913 357
250120 567
250326 783
250533 830
250740 692
250947 463
251153 340
251359 394
251566 591
251773 776
251980 801
252186 654
252393 451
252599 349
252807 420
253013 613
253219 768
253426 775
253633 625
253840 450
254046 375
254252 455
254459 637
254666 765
254873 759
255079 610
255286 442
255492 385
255700 474
255906 650
256112 758
256319 734
256525 580
256733 445
256939 401
257145 493
257352 646
257558 738
257766 707
257972 569
258179 450
258385 425
258591 522
258799 661
259005 734
259212 687
259418 554
259626 449
259832 441
260039 541
260245 655
260451 714
260659 665
260865 544
261072 453
261278 453
261484 552
261692 661
261898 705
262105 643
262311 533
262518 466
262725 474
262932 571
263138 665
263344 699
263551 637
263758 529
263965 457
264171 484
264377 578
264584 667
264791 683
264998 618
265204 524
265411 467
265618 504
265825 581
266031 660
266237 668
266444 594
266651 513
266858 482
267064 523
267271 606
267477 673
267684 709
267891 680
268097 647
268304 631
268510 622
268718 611
268924 612
269130 608
269337 598
269543 604
269751 595
269957 590
270164 597
270370 589
270576 583
270784 590
270990 584
271197 594
271403 596
271609 587
271817 593
272023 593
272230 590
272436 598
272644 594
272850 589
273057 588
273263 587
273469 583
273677 589
273883 588
274090 582
274296 578
274503 584
274710 588
274916 584
275123 584
275329 580
275536 591
275743 598
275950 587
276156 591
276362 593
276569 590
276776 588
276983 590
277189 585
277396 590
277602 586
277810 591
278016 575
278222 586
278429 590
278636 585
278843 584
279049 578
279255 584
279462 585
279669 583
279876 593
280082 588
280289 589
280495 590
280703 590
280909 586
281115 592
281322 586
281528 589
281736 580
281942 584
282148 588
282355 588
282561 587
282769 584
282975 587
283182 586
283388 579
283594 581
283802 581
284008 579
284215 598
284421 592
284629 584
284835 595
285042 587
285248 589
285454 589
285662 583
285868 588
286075 589
286281 585
286487 581
286695 584
286901 584
287108 582
287314 585
287521 580
287728 586
287935 585
288141 583
288347 581
288554 595
288761 590
288968 592
289174 588
289380 588
289587 589
289794 586
290001 588
290207 585
290414 594
290621 588
290828 585
291034 586
291240 584
291447 587
291654 582
291861 583
292067 583
292274 585
292480 583
292687 591
292894 592
293100 590
293307 595
293513 588
293721 592
293927 586
294133 591
294340 590
294546 587
294754 590
294960 584
295167 587
295373 586
295579 583
295787 564
295993 588
296200 582
296406 583
296612 572
296820 580
297026 592
297233 595
297439 591
297666 295
297873 58
298079 235
298286 669
298492 1024
298700 1033
298906 688
299112 278
299319 86
299525 291
299733 699
299939 1015
300146 972
300352 635
300558 256
300766 132
300972 350
301179 728
301385 1001
301591 925
301799 593
302005 264
302212 175
302418 412
302626 759
302832 961
303039 856
303245 556
303451 265
303659 229
303865 450
304072 771
304278 938
304484 821
304692 518
304898 263
305105 264
305311 492
305518 786
305725 919
305932 779
306138 497
306344 279
306551 299
306758 527
306965 806
307171 888
307378 738
307584 473
307791 288
307998 338
308204 566
308411 793
308618 855
308825 697
309031 453
309237 299
309444 363
309651 584
309858 788
310064 832
310271 672
310477 452
310685 341
310891 410
311097 618
311304 793
311510 799
311718 643
311924 439
312130 346
312337 431
312543 630
312751 783
312957 773
313164 614
313370 427
313576 365
313784 462
313990 642
314197 768
314403 752
314610 595
314817 430
315023 391
315230 491
315436 662
315644 756
315850 715
316057 572
316263 432
316469 414
316677 523
316883 667
317090 740
317296 697
317503 550
317710 434
317917 427
318123 530
318329 670
318536 731
318743 683
318950 537
319156 446
319362 452
319569 558
319776 684
319983 724
320189 654
320396 524
320602 441
320810 460
321016 575
321222 682
321429 707
321636 628
321843 516
322049 449
322255 482
322462 579
322669 668
322876 693
323082 621
323289 517
323495 464
323703 500
323909 595
324115 679
324322 683
324528 606
324736 513
324942 468
325149 507
325355 606
325561 668
325769 669
325975 589
326182 500
326388 466
326594 514
326802 607
327008 669
327215 710
327421 678
327629 650
327835 635
328042 621
328248 614
328454 608
328662 608
328868 603
329075 601
329281 586
329487 593
329695 593
329901 590
330108 593
330314 588
330521 589
330728 587
330935 588
331141 583
331347 590
331554 581
331761 593
331968 590
332174 591
332381 595
332587 593
332794 593
333001 579
333207 592
333414 590
333621 586
333828 587
334034 584
334240 588
334447 589
334654 589
334861 583
335067 589
335274 579
335480 582
335688 580
335894 579
336100 585
336307 592
336513 596
336721 583
336927 591
337133 589
337340 589
337546 587
337754 589
337960 590
338167 586
338373 588
338579 577
338787 590
338993 583
339200 587
339406 583
339613 582
339820 586
340026 584
340233 584
340439 590
340647 594
340853 589
341060 591
341266 590
341472 593
341680 586
341886 586
342093 584
342299 584
342506 588
342713 585
342919 587
343126 584
343332 582
343539 586
343746 581
343953 583
344159 575
344365 579
344572 576
344779 589
344986 558
345192 586
345399 593
345605 587
345813 590
346019 583
346225 587
346432 587
346639 588
346846 588
347052 585
347258 585
347465 585
347672 584
347879 577
348085 577
348292 584
348498 583
348706 583
348912 595
349118 593
349325 592
349531 594
349739 586
349945 587
350151 589
350358 585
350564 589
350772 584
350978 587
351185 593
351391 587
351597 582
351805 582
352011 586
352218 586
352424 582
352632 581
352838 587
353045 579
353251 602
353457 593
353665 588
353871 593
354078 591
354284 591
354490 586
354698 590
354904 589
355111 585
355317 585
355524 583
355731 587
355938 592
356144 586
356350 577
356557 587
356764 580
356971 587
357177 276
357383 50
357590 247
357797 679
358004 1020
358210 1022
358417 690
358624 270
358831 100
359037 308
359243 708
359450 1009
359657 970
359864 630
360070 255
360277 145
360483 356
360690 735
360897 979
361103 908
361310 585
361516 256
361724 182
361930 418
362136 781
362343 970
362549 867
362757 550
362963 258
363170 226
363376 461
363582 777
363790 932
363996 818
364203 516
364409 269
364617 266
364824 495
365030 786
365236 902
365443 768
365650 485
365857 287
366063 305
366270 547
366476 792
366683 876
366890 735
367096 473
367303 305
367509 343
367717 574
367923 794
368129 849
368336 694
368542 452
368750 316
368956 380
369163 591
369369 778
369575 818
369783 658
369989 439
370196 330
370402 411
370608 627
370816 791
371022 796
371229 629
371435 438
371643 360
371849 447
372056 638
372262 774
372468 764
372676 607
372882 430
373089 367
373295 470
373502 649
373709 764
373915 734
374122 583
374328 431
374535 390
374742 494
374949 667
375155 762
375361 709
375568 569
375775 433
375982 408
376188 527
376395 677
376601 752
376809 688
377015 548
377221 432
377428 422
377635 518
377842 677
378048 738
378254 671
378461 535
378668 426
378875 438
379081 550
379288 684
379494 727
379702 657
379908 538
380114 449
380321 464
380527 568
380735 679
380941 709
381147 631
381354 522
381560 443
381768 481
381974 580
382181 683
382387 700
382593 616
382801 510
383007 448
383214 490
383420 580
383628 685
383834 692
384041 611
384247 514
384453 465
384661 506
384867 603
385074 675
385280 666
385486 607
385694 514
385900 478
386107 520
386313 600
386520 664
386727 712
386934 675
387140 631
387346 628
387553 614
387760 606
387967 612
388173 606
388379 607
388586 603
388793 599
389000 594
389206 604
389413 596
389620 594
389827 592
390033 586
390239 592
390446 590
390653 586
390860 582
391066 586
391273 590
391479 586
391686 584
391893 585
392099 579
392306 592
392512 590
392720 590
392926 599
393132 592
393339 589
393545 589
393753 584
393959 591
394166 589
394372 590
394578 588
394786 589
394992 585
395199 583
395405 588
395611 581
395818 587
396025 585
396231 582
396437 583
396645 596
396851 591
397058 594
397264 591
397471 581
397678 593
397885 585
398091 585
398297 590
398504 585
398711 586
398918 589
399124 587
399330 579
399537 588
399744 582
399951 576
400157 584
400364 580
400570 585
400778 584
400984 590
401190 586
401397 588
401603 591
401811 600
402017 588
402223 587
402430 584
402637 587
402844 588
403050 578
403257 587
403463 584
403671 582
403877 584
404083 581
404290 590
404496 579
404704 584
404910 571
405117 581
405323 595
405529 591
405737 591
405943 588
406150 591
406356 589
406562 590
406770 580
406976 591
407183 588
407389 588
407596 590
407803 583
408010 584
408216 583
408422 582
408630 584
408836 582
409043 580
409249 581
409455 584
409663 589
409869 594
410076 593
410282 585
410489 589
410696 589
410903 590
411109 590
411315 585
411522 582
411729 591
411936 586
412142 590
412349 586
412555 578
412762 581
412969 584
413175 585
413382 576
413588 589
413796 583
414002 593
414208 594
414415 589
414622 592
414829 590
415035 593
415242 582
415448 596
415656 590
415862 591
416068 586
416275 584
416481 588
416689 263
416895 58
417101 239
417308 689
417514 1024
417722 1011
417928 669
418135 246
418341 113
418547 319
418755 726
418961 997
419168 967
419374 620
419581 254
419788 150
419994 376
420201 755
420407 985
420614 903
420821 565
421028 259
421234 190
421440 425
421648 768
421854 956
422061 852
422267 531
422473 263
422681 230
422887 477
423094 786
423300 932
423507 808
