1.93 0.24 582.50 8.41
60.68 8.87 554.62 5.61
117.25 8.99 527.87 6.82
173.50 8.92 499.43 6.02
233.18 11.84 473.06 5.73
289.50 11.88 451.68 6.73
347.81 12.89 427.75 7.43
404.31 12.92 407.87 5.33
462.43 13.70 389.81 6.34
519.00 13.70 374.12 4.26
577.06 14.14 364.31 9.46
633.43 14.22 354.25 5.92
690.00 14.06 348.18 6.47
746.25 13.99 343.50 4.08
802.87 13.88 341.68 5.02
859.31 14.11 345.93 3.65
915.75 14.04 349.06 3.27
972.12 14.13 357.50 5.23
1028.56 13.92 368.50 4.65
1085.18 13.80 382.12 5.00
1141.62 13.87 400.43 5.48
1198.25 13.99 416.06 6.73
1254.56 14.04 435.93 6.22
1312.06 15.91 460.56 6.81
1368.56 16.03 484.12 8.70
1426.37 18.33 510.00 9.13
1483.00 18.39 536.75 11.10
1539.43 18.38 560.81 10.39
1595.75 18.33 586.68 9.50
1652.43 18.16 612.37 11.03
1708.75 18.15 638.43 11.39
1765.31 18.25 661.18 10.43
1821.75 18.15 684.18 10.21
1878.12 18.18 706.25 7.96
1934.68 18.23 725.43 9.58
1991.06 18.05 742.50 8.73
2047.68 18.10 757.81 6.39
2104.12 18.01 770.50 5.53
2160.37 18.00 783.00 5.67
2217.06 18.14 790.50 7.58
2273.37 18.15 794.93 5.04
2330.00 18.21 797.50 4.11
2386.37 18.33 796.75 5.85
2442.75 18.40 794.50 3.98
2499.18 18.26 787.56 5.82
2555.62 18.24 775.37 6.77
2612.18 18.34 767.50 5.32
2668.75 18.15 753.37 8.52
2724.93 18.19 737.93 6.50
2781.50 18.11 722.06 9.18
2837.93 18.14 700.25 9.11
2894.50 18.24 681.18 8.26
2950.87 18.19 658.50 9.11
3007.37 18.00 635.12 8.87
3063.81 18.14 610.93 10.49
3120.25 17.92 586.06 10.86
3176.87 18.07 563.68 9.72
3233.25 18.09 538.37 9.46
3289.81 18.35 515.25 8.26
3346.18 18.20 494.31 8.51
3402.50 18.42 471.81 8.59
3459.18 18.26 454.12 8.05
3515.50 18.33 434.68 6.57
3571.93 18.45 418.18 6.95
3628.43 18.37 404.68 6.59
3684.81 18.10 390.68 5.47
3741.37 18.20 385.43 7.14
3797.81 18.10 378.25 5.17
3854.18 18.30 373.56 4.82
3910.75 18.27 372.62 4.70
3967.00 18.09 372.31 6.98
4023.68 18.10 377.18 4.68
4080.06 18.05 385.87 7.46
4136.56 17.87 392.43 5.30
4193.12 18.09 405.00 6.95
4249.43 17.95 416.75 7.52
4306.00 18.21 431.06 6.54
4362.31 18.20 449.00 7.70
4418.93 18.44 464.31 8.77
4475.31 18.29 487.06 8.71
4531.68 18.38 509.31 10.60
4588.31 18.25 528.43 8.13
4644.68 18.19 552.68 9.22
4701.18 18.34 574.31 10.35
4757.68 18.20 596.31 9.81
4813.93 18.19 619.56 8.67
4870.68 18.23 640.31 7.76
4926.93 18.14 662.12 7.48
4983.50 18.17 681.37 9.03
5039.87 18.19 697.00 8.93
5096.31 17.87 714.68 6.01
5152.75 18.06 728.81 5.71
5209.25 18.09 741.43 5.45
5265.87 18.15 751.75 3.42
5322.18 18.29 758.18 3.88
5378.62 18.33 765.06 3.61
5435.12 18.30 767.25 4.26
5491.37 18.34 767.06 4.45
5548.18 18.34 768.06 6.95
5604.43 18.38 762.06 6.34
5660.93 18.19 756.31 7.01
5717.37 18.21 748.18 7.41
5773.75 18.15 736.18 8.46
5830.31 18.25 724.56 6.67
5886.81 18.24 709.31 7.56
5943.18 18.14 692.81 7.65
5999.75 18.18 675.50 6.40
6056.06 18.05 656.00 6.13
6112.75 18.06 636.50 7.99
6169.06 18.05 615.37 8.82
6225.50 18.09 595.43 7.89
6282.00 18.21 573.56 6.47
6338.37 18.15 552.56 7.07
6395.00 18.39 533.12 7.82
6451.37 18.34 512.93 5.13
6507.75 18.40 494.31 5.15
6564.31 18.34 477.81 7.09
6620.62 18.24 459.43 5.48
6677.31 18.25 445.68 5.55
6733.62 18.24 431.68 6.02
6790.06 18.11 421.87 7.55
6847.06 19.08 412.81 5.49
6903.50 19.00 405.37 4.46
6960.06 19.08 400.50 4.74
7016.50 19.00 400.43 5.59
7072.93 18.85 399.93 5.12
7129.43 18.81 403.75 6.68
7186.56 19.50 407.25 7.21
7243.00 19.55 413.56 8.51
7299.37 19.66 422.81 6.97
7356.00 19.70 432.43 8.39
7412.25 19.68 445.43 9.29
7468.75 19.83 459.68 10.26
7525.31 19.72 474.93 9.63
7581.68 19.67 492.25 8.30
7638.06 19.83 509.56 9.64
7694.56 19.62 529.62 10.53
7750.93 19.61 546.93 11.27
7807.43 19.63 567.31 9.21
7865.43 22.90 588.62 9.04
7922.06 23.03 604.68 10.94
7978.31 22.99 624.31 8.81
8034.87 22.89 643.12 9.11
8091.37 22.87 659.37 9.64
8147.75 22.68 678.37 5.77
8204.50 22.83 690.81 7.16
8260.68 22.82 705.37 6.26
8317.18 22.96 717.18 3.97
8373.68 23.09 725.68 3.80
8429.93 22.99 734.68 4.91
8486.68 23.09 738.12 6.25
8543.06 22.97 742.18 5.09
8599.43 23.00 745.31 5.52
8656.56 22.60 742.56 6.63
8712.81 22.50 741.43 6.34
8769.37 22.72 733.81 6.83
8825.87 22.65 729.93 6.70
8882.18 22.72 719.06 7.98
8938.68 22.71 709.00 8.35
8995.68 22.14 696.87 7.95
9052.12 22.39 682.50 9.36
9109.06 21.92 667.06 7.59
9165.43 22.07 651.25 9.65
9221.93 22.12 635.68 10.77
9278.43 22.06 617.93 10.01
9334.87 22.26 600.06 10.14
9391.25 22.22 583.06 12.21
9448.31 21.99 564.56 10.24
9504.68 21.93 545.37 10.48
9561.25 21.76 527.56 9.44
9617.75 21.93 511.37 9.23
9675.62 21.68 495.56 9.41
9732.00 21.82 479.81 6.98
9788.43 21.74 467.18 7.47
9844.93 21.92 454.12 7.12
9901.50 21.81 444.18 5.97
9957.81 21.72 436.31 4.77
10015.75 21.59 430.43 7.14
10072.12 21.69 425.18 5.54
10130.12 21.25 422.62 4.50
10186.62 21.43 423.12 6.35
10243.00 21.36 424.50 7.11
10299.43 21.58 429.93 8.17
10355.81 21.52 434.68 4.93
10412.37 21.45 441.50 6.97
10470.50 21.57 451.37 8.70
10526.87 21.48 461.31 10.12
10583.43 21.65 471.37 8.23
10639.81 21.55 485.81 8.59
10696.37 21.31 500.81 10.93
10752.81 21.47 515.50 9.31
10809.18 21.43 530.00 9.95
10865.68 21.54 547.06 10.12
10922.00 21.47 566.50 12.95
10978.62 21.55 580.25 9.92
11035.12 21.42 595.87 13.10
11091.50 21.35 613.68 10.97
11148.00 21.36 629.81 11.51
11204.50 21.36 645.87 8.72
11261.00 21.39 659.00 9.94
11317.37 21.46 672.81 7.55
11373.81 21.42 685.06 7.59
11431.50 22.63 697.25 4.92
11487.62 22.57 705.12 4.51
11544.25 22.44 711.87 4.51
11600.68 22.49 715.75 3.87
11657.12 22.47 720.37 4.21
11713.62 22.58 721.00 5.09
11770.06 22.32 721.68 4.54
11826.62 22.51 720.75 8.27
11883.06 22.44 716.06 5.67
11939.37 22.40 709.68 5.71
11996.00 22.45 701.62 7.94
12052.18 22.46 692.75 6.81
12109.31 21.99 683.68 8.30
12165.75 21.93 671.00 8.64
12222.25 22.04 658.25 10.55
12278.81 22.06 645.93 9.38
12335.06 22.10 629.00 9.59
12391.75 22.36 616.25 9.52
12448.00 22.23 599.18 10.02
12504.50 22.31 586.12 9.85
12560.93 22.29 569.31 11.19
12617.37 22.18 552.00 11.91
12673.93 22.16 538.62 10.62
12730.25 22.10 523.75 9.24
12786.81 22.11 508.81 7.69
12843.25 22.22 496.06 7.90
12899.68 22.03 484.12 7.66
12956.12 22.15 474.50 6.28
13012.56 22.02 465.31 6.37
13069.00 22.07 455.68 6.29
13127.00 21.53 450.81 4.52
13183.43 21.50 446.18 5.94
13239.93 21.64 445.50 5.15
13296.31 21.60 441.00 5.96
13352.81 21.72 441.93 5.72
13409.37 21.75 445.06 5.62
13465.75 21.90 450.18 6.37
13522.18 21.91 454.81 5.67
13578.50 21.67 463.37 8.02
13635.62 21.84 471.87 7.53
13692.06 21.71 484.43 6.34
13748.31 21.70 492.37 6.89
13804.93 21.80 505.18 7.11
13861.18 21.76 518.25 8.18
13917.87 21.86 532.18 7.15
13974.75 21.83 549.06 8.26
14031.06 21.73 561.50 9.39
14088.31 22.11 574.87 8.98
14144.68 22.06 590.75 8.06
14201.31 22.08 603.87 8.61
14257.75 22.03 620.43 9.55
14314.12 22.09 633.12 9.56
14370.50 22.17 645.75 8.86
14427.00 22.26 657.12 7.93
14483.37 22.33 667.56 12.10
14540.43 22.24 676.75 7.85
14596.81 22.24 685.00 6.81
14653.31 22.33 693.00 7.09
14709.68 22.13 697.81 6.20
14766.18 22.16 699.81 6.03
14822.68 22.12 701.68 5.89
14879.06 22.22 702.18 5.60
14935.62 22.13 699.87 10.21
14991.87 22.08 698.93 4.67
15048.62 22.09 693.93 5.43
15106.93 24.22 688.31 5.70
15163.12 24.19 678.93 5.97
15219.87 24.36 672.62 5.10
15276.12 24.22 662.25 5.33
15332.75 24.26 651.31 7.38
15389.18 24.32 641.06 7.98
15445.50 24.36 628.00 6.79
15502.06 24.52 613.37 5.36
15558.43 24.34 601.06 7.15
15614.93 24.20 587.06 7.86
15671.50 24.24 576.56 9.61
15727.68 24.20 562.25 8.77
15784.37 24.24 548.43 9.84
15840.68 24.19 534.62 8.10
15897.18 24.22 523.62 7.57
15953.68 24.19 511.43 7.56
16010.00 24.08 501.18 7.90
16068.06 27.07 491.12 7.18
16124.43 27.12 481.37 7.69
16181.00 27.06 474.75 6.65
16237.43 26.98 469.81 8.07
16293.81 27.12 464.75 6.30
16350.37 27.07 459.68 6.41
16406.75 27.13 461.00 4.82
16463.37 27.26 461.18 5.91
16519.62 27.10 462.50 5.65
16576.18 27.07 463.62 5.44
16632.62 27.18 467.62 5.80
16689.06 26.92 476.06 5.40
16745.56 27.08 483.56 6.31
16801.93 26.89 493.31 8.69
16858.37 27.11 501.37 5.05
16915.00 26.90 510.50 6.73
16971.25 26.89 522.75 6.68
17027.93 27.10 536.50 11.74
17084.37 26.98 544.68 7.19
17140.56 27.08 558.62 7.32
17197.37 27.01 571.37 8.28
17253.62 27.04 583.75 8.13
17310.18 27.07 596.68 6.68
17366.56 27.00 607.68 5.69
17422.93 27.22 620.00 7.63
17479.56 27.16 632.31 7.09
17535.87 27.27 641.75 7.34
17592.56 27.18 652.62 7.36
17648.87 27.03 660.87 7.07
17705.37 27.02 667.18 7.21
17761.81 27.03 677.12 7.29
17818.18 26.94 679.81 6.88
17874.81 27.14 682.12 6.32
17931.12 26.91 688.56 7.31
17987.68 27.06 687.43 4.87
18044.31 26.98 686.50 5.51
18101.25 27.17 684.75 6.12
18157.68 27.17 680.62 5.49
18214.18 27.06 675.37 6.17
18270.56 27.11 668.56 8.01
18327.25 27.09 662.37 6.68
18383.43 27.19 654.81 7.76
18440.06 27.33 645.43 7.32
18496.37 27.18 635.93 7.42
18552.75 27.30 628.00 6.01
18609.50 27.11 615.18 6.79
18665.75 27.21 604.75 7.74
18722.31 27.19 592.37 6.05
18778.68 26.97 579.00 6.87
18835.25 27.19 566.81 7.13
18891.75 26.97 556.06 6.42
18948.00 27.08 546.50 5.97
19004.62 27.06 533.62 4.36
19060.93 27.13 524.12 6.40
19119.31 28.71 514.06 6.55
19175.75 28.54 505.56 5.84
19232.25 28.62 497.81 5.47
19288.75 28.70 489.68 3.92
19345.06 28.66 484.68 7.78
19401.68 28.84 482.50 5.00
19458.06 28.63 477.56 4.80
19514.43 28.72 477.00 4.89
19571.00 28.70 474.62 5.95
19627.37 28.66 475.06 6.10
19683.93 28.53 478.00 5.57
19740.31 28.48 482.87 6.06
19796.62 28.57 485.81 6.40
19853.25 28.59 492.87 7.56
19909.62 28.42 498.62 7.83
19966.18 28.51 510.06 7.77
20023.18 27.88 516.56 6.46
20079.50 28.12 524.87 7.09
20136.00 28.13 535.00 5.73
20192.43 28.18 546.62 6.62
20248.93 28.11 557.43 5.38
20305.43 27.97 567.00 7.18
20361.75 28.13 577.93 5.56
20418.37 28.18 590.31 6.14
20474.68 28.15 600.75 6.31
20531.25 28.36 610.87 5.27
20587.68 27.96 620.00 4.36
20644.18 28.13 628.56 6.70
20700.56 28.11 639.18 5.42
20757.00 27.91 649.37 7.02
20813.50 28.02 653.37 5.31
20869.87 27.96 658.18 5.32
20926.37 27.98 663.81 5.20
20983.00 27.89 667.81 6.39
21040.87 27.07 671.43 6.80
21097.31 27.17 672.56 5.27
21153.75 27.07 672.87 7.03
21210.12 27.12 671.00 6.88
21266.75 26.99 668.62 6.56
21323.12 27.14 664.75 7.15
21379.43 27.13 659.81 6.32
21436.00 27.06 656.25 10.46
21492.31 27.22 647.25 5.22
21548.87 27.16 640.25 7.22
21605.31 27.20 632.87 7.69
21661.87 27.19 621.18 6.72
21718.25 26.89 613.50 6.21
21774.68 27.04 603.31 6.69
21831.18 26.99 592.56 6.39
21887.56 26.90 582.31 7.61
21944.12 27.02 571.31 6.21
22000.56 26.79 561.62 7.43
22057.18 27.22 553.25 7.83
22113.68 26.99 541.81 6.53
22169.93 27.15 535.62 7.57
22226.50 27.12 527.12 7.25
22282.87 27.05 518.87 6.43
22339.25 27.15 510.56 6.84
22395.93 27.03 504.93 5.71
22452.18 27.18 497.93 7.32
22508.62 27.24 495.62 6.12
22565.12 27.01 492.75 4.34
22621.50 27.00 489.56 6.38
22678.06 26.95 488.50 5.69
22734.43 27.00 489.62 4.31
22791.00 26.90 490.37 5.02
22847.31 26.85 493.00 5.07
22904.43 26.31 497.87 7.61
22960.68 26.26 501.31 6.22
23017.25 26.50 507.93 6.18
23073.87 26.48 513.75 6.33
23130.12 26.51 520.68 6.65
23186.68 26.59 529.68 8.67
23243.18 26.40 539.00 7.89
23299.56 26.58 545.93 10.75
23356.06 26.53 556.50 7.70
23412.50 26.59 566.56 8.36
23468.93 26.65 575.75 6.48
23525.37 26.49 585.25 7.06
23581.81 26.55 595.12 7.27
23638.37 26.50 601.25 7.09
23694.81 26.32 611.68 7.51
23751.12 26.37 620.68 6.90
23807.68 26.22 628.93 6.63
23864.00 26.45 634.50 6.60
23922.06 25.30 640.25 6.74
23978.43 25.21 645.37 6.91
24035.06 25.43 653.25 5.92
24091.50 25.41 654.12 5.76
24147.75 25.56 656.43 5.09
24204.37 25.48 659.00 5.52
24260.75 25.59 660.56 4.30
24317.31 25.49 661.25 4.60
24373.68 25.39 657.62 7.18
24430.12 25.61 655.50 4.87
24486.68 25.49 651.93 4.64
24543.43 25.52 646.00 4.91
24600.06 25.49 641.00 6.59
24656.43 25.32 633.31 5.31
24712.87 25.36 627.06 5.72
24769.25 25.39 621.31 6.00
24825.81 25.22 614.06 7.50
24882.25 25.29 602.56 6.55
24938.62 25.22 595.25 5.74
24995.68 25.15 585.93 7.64
25052.25 25.31 577.62 7.48
25108.56 25.41 568.37 5.34
25164.93 25.35 558.93 6.15
25221.93 25.09 550.56 5.74
25278.31 25.11 542.00 6.77
25334.93 25.03 536.00 7.04
25391.18 25.17 526.93 5.81
25447.81 25.22 521.18 5.45
25504.06 25.09 516.75 5.63
25560.62 25.02 511.93 7.91
25617.18 24.91 506.43 4.97
25673.50 25.12 504.68 6.84
25730.00 25.12 502.00 5.28
25786.43 24.69 501.62 5.17
25842.87 25.07 502.62 5.88
25899.37 24.96 501.50 4.23
25955.68 24.85 503.12 4.51
26012.25 25.03 506.37 5.48
26068.87 25.02 508.93 5.06
26125.31 25.21 516.31 6.29
26181.68 25.14 518.62 4.46
26239.56 25.24 525.75 3.77
26295.93 25.27 532.31 4.07
26352.50 25.09 538.75 4.71
26409.43 25.49 545.43 10.77
26465.81 25.52 555.43 5.69
26522.18 25.56 567.37 6.50
26578.75 25.49 572.87 4.54
26635.18 25.27 579.75 6.25
26691.68 25.27 588.37 6.08
26748.12 25.20 598.31 6.19
26804.50 25.24 605.12 5.64
26861.00 25.25 612.62 5.15
26917.37 25.05 618.06 4.87
26974.00 25.28 626.00 5.64
27030.50 25.25 630.68 5.62
27086.87 25.46 636.12 4.83
27143.31 25.39 640.25 4.85
27200.50 25.75 646.50 6.43
27257.00 25.94 647.18 5.79
27313.31 25.85 648.12 5.10
27369.75 25.95 647.50 4.89
27426.25 26.04 649.43 4.17
27482.75 25.83 647.50 5.00
27539.25 26.01 647.75 7.34
27595.68 25.75 644.31 5.31
27652.12 25.88 640.25 5.57
27708.56 25.81 634.56 3.57
27765.00 25.61 632.06 4.29
27821.37 25.65 624.31 5.23
27878.50 25.34 618.12 3.84
27934.75 25.59 610.00 4.74
27991.37 25.49 602.31 3.44
28047.81 25.63 595.81 3.54
28104.25 25.78 586.12 4.21
28160.68 25.60 580.56 4.85
28219.06 28.14 570.12 4.57
28275.31 28.10 564.06 4.12
28331.93 28.07 555.93 7.00
28388.25 28.19 547.12 6.96
28444.81 28.05 541.81 5.06
28501.18 28.22 536.62 6.59
28557.62 28.14 531.06 5.51
28614.12 27.91 527.31 7.20
28670.56 28.07 520.31 5.62
28727.06 27.74 520.37 7.42
28783.43 27.99 514.06 4.42
28839.93 27.89 512.81 5.90
28896.43 27.74 512.12 4.86
