1.93 0.24 585.25 10.10
70.81 8.85 517.43 8.96
137.25 8.99 453.37 13.31
203.81 8.86 398.18 11.55
270.25 8.74 340.56 8.38
336.62 8.89 290.62 8.60
403.43 8.79 243.56 17.26
469.87 8.94 202.50 6.79
536.43 8.79 170.62 6.55
602.87 8.66 149.56 17.66
669.18 8.85 119.00 16.25
737.87 11.29 115.62 10.68
804.37 11.69 116.56 15.17
870.87 11.48 119.68 5.97
937.31 11.50 134.06 7.65
1003.68 11.54 156.43 11.41
1070.18 11.35 180.50 11.41
1136.62 11.58 221.68 9.40
1203.18 11.36 264.56 12.73
1269.62 11.38 312.00 11.21
1336.31 11.32 361.25 12.30
1402.68 11.20 419.81 13.15
1469.00 11.47 474.68 11.15
1535.62 11.23 534.06 23.01
1601.93 11.09 593.56 12.86
1668.62 11.39 654.62 14.17
1735.06 11.22 706.56 26.09
1801.37 11.69 763.68 12.37
1867.93 11.46 812.37 14.09
1934.37 11.66 859.00 14.56
2000.75 11.52 897.43 7.49
2067.31 11.31 935.68 10.37
2133.62 11.59 958.75 20.13
2200.18 11.37 981.75 10.81
2266.62 11.39 995.62 5.58
2333.18 11.37 1004.75 9.31
2399.68 11.20 999.75 6.87
2466.00 11.47 989.68 6.38
2532.68 11.20 964.62 14.04
2599.06 11.27 948.87 9.14
2665.68 11.37 916.25 9.14
2732.06 11.22 878.93 16.03
2798.43 11.67 838.37 10.78
2865.12 11.39 793.68 10.64
2931.43 11.66 738.18 18.27
2997.93 11.45 692.81 11.55
3064.37 11.28 632.25 14.40
3130.75 11.54 586.25 14.31
3197.25 11.34 526.68 9.66
3263.68 11.54 474.00 9.62
3330.31 11.32 421.25 10.82
3396.75 11.17 369.75 10.37
3463.00 11.47 328.25 10.85
3529.68 11.20 287.37 8.87
3596.12 11.42 246.93 12.66
3662.68 11.37 221.62 9.11
3729.06 11.22 203.18 11.70
3795.37 11.49 187.25 9.40
3862.12 11.39 171.75 12.81
3928.43 11.66 175.18 12.61
3994.93 11.45 173.00 19.96
4061.37 11.28 188.18 13.08
4127.93 11.46 206.56 14.44
4194.43 11.26 235.75 8.83
4260.75 11.54 261.31 11.20
4327.31 11.32 303.81 14.47
4396.18 14.00 341.37 7.51
4462.75 14.24 385.75 10.65
4529.25 13.97 440.25 14.27
4595.56 14.29 485.12 14.51
4662.25 14.12 538.75 11.43
4728.56 14.10 588.06 14.79
4795.00 14.23 638.87 8.54
4861.56 13.96 690.25 14.85
4930.18 15.87 737.12 14.37
4996.87 15.79 780.62 12.03
5063.31 15.80 820.18 17.26
5129.75 15.70 853.43 12.34
5196.25 15.57 885.56 6.60
5262.50 15.69 913.56 15.84
5330.37 18.32 930.56 9.64
5396.62 18.17 940.87 8.02
5463.25 18.28 946.81 9.66
5529.75 18.12 940.43 4.85
5596.06 18.16 936.18 7.72
5662.87 18.16 922.37 15.32
5729.06 18.16 900.43 9.31
5795.68 18.13 871.75 12.79
5862.18 18.22 850.68 18.42
5928.37 18.35 803.93 10.53
5995.18 18.22 766.43 11.91
6061.43 18.31 720.56 11.59
6128.00 18.21 676.06 13.38
6194.43 18.08 626.43 11.89
6260.75 18.14 580.68 13.07
6327.43 18.29 530.06 12.75
6393.75 18.33 483.56 13.00
6460.37 18.21 441.56 14.77
6526.81 18.08 396.43 10.78
6593.18 18.29 353.68 17.20
6659.81 18.08 325.81 17.60
6726.12 18.24 292.43 9.26
6792.68 18.13 267.06 13.25
6859.18 18.22 246.31 15.74
6925.37 18.35 234.81 7.71
6992.18 18.22 217.56 21.82
7058.43 18.31 226.37 17.15
7125.06 18.30 228.87 6.30
7191.43 18.08 238.31 10.66
7257.93 18.03 253.87 7.00
7324.56 18.21 277.12 9.78
7390.81 18.29 299.25 33.79
7457.37 18.21 336.25 16.81
7523.81 18.08 370.62 13.46
7590.43 18.15 417.31 19.51
7656.87 18.04 446.87 19.00
7723.06 18.16 498.56 12.77
7789.81 18.06 538.25 20.89
7856.25 18.31 585.25 13.85
7922.56 18.33 631.00 13.73
7989.25 18.18 669.43 14.57
8055.37 18.24 709.50 7.59
8122.06 18.30 754.81 12.02
8188.50 18.17 785.93 13.28
8255.00 18.08 817.50 8.93
8321.56 18.21 845.31 9.89
8387.75 18.22 872.37 17.47
8454.43 18.31 878.75 12.65
8520.81 18.08 892.87 6.45
8587.43 18.06 895.50 4.90
8653.87 18.04 894.62 5.29
8720.12 18.13 891.56 7.84
8787.00 18.08 876.75 9.85
8853.25 18.31 858.06 6.83
8919.75 18.24 828.68 17.36
8986.25 18.18 803.87 13.73
9052.56 18.13 778.75 14.04
9119.18 18.22 731.43 21.43
9185.43 18.20 704.06 13.01
9252.00 18.08 665.68 11.68
9318.56 18.20 623.81 13.08
9384.93 18.32 582.00 22.51
9451.43 18.30 541.56 14.64
9517.81 18.20 500.50 11.95
9584.43 18.06 460.43 10.26
9650.81 18.08 421.81 11.91
9719.68 19.30 385.31 18.23
9786.31 19.12 357.18 12.75
9852.62 19.39 330.37 11.55
9919.25 19.40 305.37 12.64
9985.56 19.19 289.81 9.10
10052.00 19.14 277.00 10.09
10118.62 19.15 272.18 20.11
10185.00 19.14 268.87 7.55
10251.62 19.16 274.68 5.64
10318.00 19.09 287.00 13.98
10384.43 19.22 292.37 12.20
10451.00 19.11 315.68 10.22
10517.50 19.01 335.62 15.21
10583.87 18.96 373.50 18.48
10650.43 19.07 394.81 15.16
10716.87 19.17 433.25 13.88
10783.43 19.04 465.87 16.30
10849.75 19.31 506.87 15.99
10916.37 19.32 542.87 12.16
10982.75 19.18 581.25 21.07
11049.12 19.24 621.25 10.70
11115.68 19.12 658.93 11.47
11182.06 19.10 695.18 10.81
11248.62 19.16 727.93 12.57
11315.12 19.12 754.00 14.26
11381.50 19.18 787.25 10.64
11448.00 19.11 808.81 7.03
11514.43 19.05 823.06 12.30
11581.00 19.11 842.81 13.62
11647.37 19.11 848.87 5.98
11714.00 19.21 850.75 21.40
11780.43 19.04 853.81 7.20
11846.87 19.23 850.06 8.71
11913.43 19.28 838.43 14.90
11979.75 19.31 819.12 8.49
12046.18 19.21 801.50 7.12
12112.68 19.12 777.18 11.33
12179.18 19.01 746.18 12.72
12245.81 19.03 720.87 11.96
12312.12 19.25 691.81 17.46
12378.56 19.14 649.37 12.84
12445.06 19.07 617.31 21.49
12511.56 19.16 582.37 13.21
12578.06 19.06 547.12 14.55
12644.50 19.14 511.18 13.31
12711.06 19.17 478.50 16.05
12777.43 19.04 444.50 12.74
12843.93 19.37 413.93 15.48
12910.43 19.28 386.06 15.40
12976.81 19.27 366.00 11.56
13043.31 19.36 346.81 14.16
13112.06 19.98 327.06 8.84
13178.62 19.90 314.06 9.31
13245.18 19.88 306.56 12.19
13311.62 19.96 314.00 11.60
13378.18 20.07 313.25 5.94
13444.43 19.89 314.68 12.26
13511.12 19.91 330.43 6.05
13579.93 20.30 348.25 7.82
13646.37 20.26 365.93 12.92
13712.93 20.28 395.93 13.53
13779.25 20.36 419.75 9.16
13845.87 20.44 449.06 22.20
13912.31 20.41 483.37 17.25
13978.56 20.42 514.43 10.38
14045.31 20.41 545.18 19.38
14111.50 20.48 579.18 11.56
14178.18 20.30 614.50 12.26
14244.62 20.26 646.75 18.00
14311.12 20.41 677.37 9.63
14377.56 20.38 708.75 11.36
14443.87 20.34 735.62 13.78
14511.68 21.89 761.81 12.86
14578.00 21.81 775.62 8.01
14644.43 21.76 796.87 12.82
14711.12 21.91 806.31 7.57
14777.31 21.86 813.68 5.31
14844.18 22.06 814.50 5.15
14910.37 21.90 819.50 9.05
14976.81 21.73 810.87 7.00
15043.50 21.90 802.31 7.79
15109.62 22.01 785.93 8.13
15176.37 21.82 768.25 17.85
15242.68 21.75 749.50 24.37
15309.31 21.86 731.12 14.07
15375.81 21.80 702.56 11.36
15442.00 21.87 672.00 9.69
15508.75 21.84 640.62 11.92
15575.00 21.81 609.68 12.05
15641.68 21.99 579.31 11.88
15708.18 21.85 548.37 11.56
15774.43 21.85 515.68 10.36
15841.12 21.90 495.81 25.38
15907.43 21.95 460.12 9.34
15973.93 21.95 430.62 11.74
16040.50 21.90 410.62 15.28
16106.68 21.95 390.87 10.73
16173.43 21.86 376.37 12.80
16239.75 21.70 365.62 10.25
16306.37 21.81 351.18 5.22
16372.81 21.80 345.18 18.86
16439.18 21.71 342.81 7.85
16505.87 21.82 347.31 6.60
16572.06 21.76 346.00 22.96
16638.87 21.84 361.87 9.09
16705.18 21.85 376.06 6.62
16771.56 21.74 395.68 12.73
16838.25 21.79 418.12 9.53
16904.50 21.90 441.87 10.40
16971.12 21.90 460.43 16.20
