2 555
145 491
252 429
358 375
465 317
571 261
677 212
848 143
954 108
1061 80
1167 55
1274 45
1380 32
1486 36
1593 45
1700 73
1807 32
1913 114
2020 147
2126 186
2232 236
2339 280
2445 334
2551 391
2658 472
2765 517
2872 573
2978 627
3085 695
3191 752
3297 807
3404 856
3510 904
3617 944
3724 978
3831 1010
3937 1031
4043 1049
4150 1062
4256 1058
4363 1060
4469 1054
4575 1036
4682 1051
4789 996
4896 961
5002 922
5108 903
5215 824
5321 777
5428 725
5534 670
5640 613
5748 556
5854 510
5961 449
6067 392
6174 346
6280 283
6386 254
6493 218
6599 187
6707 158
6813 138
6919 120
7026 115
7132 113
7239 116
7345 127
7451 141
7558 161
7664 192
7772 225
7878 261
7985 307
8091 346
8197 397
8304 448
8410 499
8517 551
8623 603
8731 646
8837 702
8943 748
9050 807
9156 815
9262 881
9369 921
9475 945
9582 870
9690 986
9797 997
9903 1000
10010 1002
10116 1000
10222 983
10329 968
10435 941
10541 920
10648 886
10755 878
10862 815
10968 770
11075 719
11181 674
11287 628
11394 585
11500 537
11607 504
11714 436
11821 395
11927 353
12033 271
12140 279
12246 247
12353 223
12459 201
12565 191
12672 179
12779 199
12886 176
12992 183
13098 199
13205 205
13311 231
13418 274
13524 300
13630 344
13738 375
13844 420
13951 451
14057 477
14164 544
14270 589
14376 638
14483 670
14589 719
14697 758
14803 796
14909 831
15016 854
15122 874
15229 902
15335 920
15441 929
15548 931
15654 890
15762 936
15868 928
15975 917
16081 894
16187 872
16294 848
16400 821
16507 762
16613 751
16721 716
16827 668
16933 641
17040 584
17146 544
17252 504
17359 463
17465 429
17572 393
17678 359
17786 342
17892 311
17998 286
18105 283
18211 253
18318 249
18424 246
18530 221
18637 553
18744 619
18851 655
18957 665
19064 690
19170 702
19276 711
19383 716
19489 718
19595 712
19703 714
19809 710
19916 703
20022 701
20129 693
20235 689
20341 681
20448 675
20554 659
20661 659
20768 659
20875 648
20981 685
21087 643
21194 646
21300 645
21407 653
21513 635
21619 632
21727 629
21833 657
21940 626
22046 614
22152 636
22259 632
22365 632
22472 625
22578 620
22684 625
22791 623
22898 625
23004 657
23111 617
23217 620
23323 620
23430 624
23536 620
23643 612
23750 610
23857 610
23963 609
24069 613
24176 614
24282 628
24389 609
24495 609
24601 609
24709 609
24815 607
24922 603
25028 606
25134 609
25241 605
25347 603
25454 596
25560 602
25666 596
25774 599
25880 615
25987 595
26093 598
26200 600
26306 602
26412 618
26519 606
26625 605
26733 607
26839 609
26945 604
27052 608
27158 558
27265 603
27371 602
27477 599
27584 602
27691 599
27798 597
27904 558
28011 600
28117 599
28223 607
28330 588
28436 599
28543 595
28649 596
28757 598
28863 590
28969 594
29076 595
29182 581
29288 599
29395 592
29501 584
29608 588
29715 590
29822 595
29928 594
30034 589
30141 596
30247 589
30354 617
30460 590
30566 587
30673 591
30780 584
30887 598
30993 599
31100 600
31206 617
31312 598
31419 594
31525 599
31631 583
31739 594
31845 595
31952 596
32058 604
32165 593
32271 589
32377 580
32484 591
32590 590
32698 593
32804 594
32911 589
33017 589
33123 594
33230 594
33336 595
33443 590
33549 589
33655 590
33763 592
33869 590
33976 591
34082 540
34188 589
34295 588
34401 588
34508 567
34614 582
34722 580
34828 585
34934 585
35041 587
35147 606
35254 555
35360 595
35466 596
35573 598
35679 606
35787 590
35893 593
35999 591
36106 594
36212 591
36319 590
36425 590
36531 582
36638 593
36745 592
36852 592
36958 601
37065 590
37171 589
37277 590
37384 533
37490 467
37597 407
37704 347
37811 290
37917 239
38023 192
38130 148
38236 112
38342 85
38449 62
38555 73
38662 28
38769 36
38876 41
38982 51
39088 78
39195 104
39301 129
39408 172
39514 232
39620 285
39728 340
39834 390
39941 450
40047 510
40154 541
40260 633
40366 687
40473 746
40579 797
40685 851
40793 893
40899 940
41006 970
41112 1007
41219 1028
41325 1048
41431 1055
41538 1061
41644 1064
41793 1046
41899 1039
42006 978
42112 979
42218 941
42325 905
42431 839
42537 807
42644 757
42751 709
42858 641
42964 591
43071 536
43177 475
43283 427
43390 379
43496 329
43603 287
43710 237
43817 219
43923 182
44029 163
44136 142
44242 121
44349 118
44455 125
44561 120
44668 132
44775 157
44882 129
44988 205
45094 242
45201 277
45307 296
45414 364
45520 417
45626 467
45734 516
45840 573
45947 617
46053 662
46160 717
46266 764
46372 806
46479 834
46585 881
46693 919
46799 950
46905 964
47012 984
47118 990
47225 995
47331 1006
47437 989
47544 975
47650 954
47758 914
47864 900
47971 870
48077 832
48183 800
48290 755
48396 711
48503 667
48609 615
48717 570
48823 524
48929 473
49036 425
49142 382
49248 339
49355 276
49461 264
49568 244
49674 221
49782 230
49888 191
49994 181
50101 172
50207 164
50314 193
50420 206
50526 229
50633 230
50740 276
50847 300
50953 344
51060 385
51166 419
51272 466
51379 488
51485 554
51591 599
51699 649
51805 683
51912 748
52018 764
52125 800
52231 835
52337 846
52444 884
52550 914
52657 927
52764 941
52871 941
52977 936
53083 939
53190 929
53296 913
53403 894
53509 870
53615 846
53723 817
53829 777
53936 742
54042 706
54148 665
54255 614
54361 583
54468 543
54574 498
54680 451
54788 421
54894 388
55001 355
55107 360
55214 297
55320 276
55426 258
55533 278
55639 237
55747 238
55853 365
55959 564
56066 624
56172 653
56279 681
56385 681
56491 700
56598 709
56705 712
56812 711
56918 720
57025 713
57131 709
57237 711
57344 706
57450 705
57557 658
57663 687
57771 682
57877 673
57983 672
58090 659
58196 664
58302 650
58409 651
58515 648
58622 643
58729 637
58836 641
58942 639
59048 640
59155 653
59261 628
59368 632
59474 631
59580 621
59687 626
59794 622
59901 613
60007 603
60114 615
60220 619
60326 620
60433 634
60539 615
60645 615
60753 578
60859 613
60966 609
61072 609
61179 613
61285 620
61391 613
61498 615
61604 619
61712 614
61818 616
61925 616
62031 612
62137 609
62244 614
62350 610
62457 642
62563 608
62669 605
62777 604
62883 605
62990 607
63096 605
63202 609
63309 598
63415 605
63522 603
63628 592
63736 602
63842 599
63948 591
64055 623
64161 600
64268 597
64374 607
64480 594
64587 599
64694 592
64801 595
64907 600
65013 590
65120 595
65226 591
65333 623
65439 591
65545 611
65652 598
65759 603
65866 602
65972 603
66079 601
66185 597
66291 599
66398 599
66504 581
66611 597
66718 597
66825 591
66931 599
67037 595
67144 595
67250 601
67356 599
67463 595
67569 592
67676 597
67783 596
67890 590
67996 587
68102 590
68209 594
68315 592
68422 590
68528 633
68634 589
68742 589
68848 589
68955 603
69061 586
69168 589
69274 588
69380 595
69487 592
69593 585
69701 589
69807 586
69913 603
70020 594
70126 595
70233 603
70339 594
70445 594
70552 596
70658 592
70766 594
70872 587
70979 593
71085 597
71191 590
71298 602
71404 566
71511 595
71617 592
71724 588
71831 587
71937 587
72044 589
72150 589
72256 528
72363 591
72469 585
72576 579
72682 589
72790 592
72896 589
73002 591
73109 585
73215 587
73322 590
73428 598
73534 589
73641 584
73748 578
73855 578
73961 591
74067 584
74174 589
74280 628
74387 599
74493 597
74599 598
74707 529
74813 461
74920 397
75026 341
75133 283
75239 233
75345 184
75452 147
75558 109
75665 83
75772 62
75879 19
75985 37
76091 39
76198 47
76304 51
76410 88
76517 112
76623 151
76731 188
76837 235
76944 291
77050 341
77156 334
77263 455
77369 515
77476 572
77582 637
77690 707
77796 750
77903 795
78009 857
78116 905
78222 952
78328 975
78435 1012
78541 1033
78648 1080
78755 1133
78862 1071
78968 1062
79074 1064
79181 1041
79287 1026
79394 991
79500 957
79606 959
79714 876
79820 829
79927 778
80033 719
80139 665
80246 610
80352 552
80459 498
80565 437
80671 389
80779 340
80885 293
80992 249
81098 213
81205 168
81311 152
81417 132
81524 117
81630 132
81738 104
81844 107
81951 122
82057 115
82163 166
82270 198
82376 221
82482 266
82589 303
82696 349
82803 423
82909 444
83016 518
83122 563
83228 587
83335 667
83441 711
83548 755
83654 798
83762 846
83868 881
83974 920
84081 939
84187 964
84294 985
84400 997
84506 1009
84613 998
84720 990
84827 981
84933 966
85039 940
85146 917
85252 876
85359 845
85465 804
85571 763
85678 717
85785 670
85892 617
85998 576
86105 526
86211 479
86317 429
86424 392
86530 356
86637 310
86744 272
86850 244
86957 247
87063 201
87170 184
87276 175
87382 182
87489 182
87595 191
87703 204
87809 220
87916 244
88022 271
88128 291
88235 333
88341 372
88448 410
88554 441
88660 495
88768 534
88874 582
88981 624
89087 676
89193 720
89300 751
89406 795
89513 828
89619 854
89727 882
89833 901
89939 918
90046 932
90152 937
90259 939
90365 934
90471 920
90578 888
90684 898
90791 876
90898 852
91004 796
91111 784
91217 753
91323 712
91430 675
91536 628
91643 591
91790 546
91897 500
92003 423
92109 428
92216 389
92322 358
92428 310
92535 296
92641 281
92749 261
92855 223
92962 236
93068 233
93174 433
93281 581
93387 633
93494 666
93600 680
93708 692
93814 709
93920 712
94027 715
94133 715
94240 713
94346 710
94452 710
94559 702
94665 701
94773 688
94879 638
94985 678
95092 671
95198 666
95305 701
95411 648
95517 651
95624 646
95731 644
95838 641
95944 635
96051 640
96157 675
96263 644
96370 642
96476 636
96583 630
96690 632
96796 634
96903 632
97009 631
97116 622
97222 627
97328 618
97435 625
97541 623
97648 620
97798 620
97905 619
98011 621
98118 618
98224 611
98330 614
98437 615
98543 613
98650 616
98757 610
98863 613
98970 607
99076 610
99183 610
99289 606
99395 594
99502 606
99608 604
99716 606
99822 600
99929 629
100035 602
100141 601
100248 600
100354 610
100461 613
100567 610
100673 609
100781 550
100887 608
100994 610
101100 603
101206 602
101313 608
101419 607
101526 609
101632 607
101740 603
101846 603
101952 578
102059 604
102165 598
102272 592
102378 604
102484 600
102591 600
102698 601
102805 582
102911 596
103018 596
103124 592
103230 590
103337 593
103443 593
103549 592
103656 621
103763 593
103870 589
103976 590
104083 591
104189 591
104295 592
104402 594
104508 586
104615 591
104722 590
104829 619
104935 599
105041 595
105148 593
105254 592
105361 600
105467 594
105573 602
105680 608
105787 597
105894 594
106000 597
106106 642
106213 589
106319 581
106426 592
106532 593
106638 592
106746 592
106852 594
106959 592
107065 592
107172 589
107278 557
107384 583
107491 590
107597 592
107705 587
107811 589
107917 592
108024 582
108130 590
108237 588
108343 587
108449 592
108556 548
108662 589
108770 588
108876 589
108983 588
109089 583
109195 593
109302 594
109408 596
109515 593
109621 599
109729 590
109835 591
109941 594
110048 595
110154 599
110260 590
110367 593
110473 590
110580 616
110686 593
110794 595
110900 584
111006 592
111113 590
111219 591
111326 593
111432 585
111538 587
111645 590
111752 629
111859 593
111965 544
112072 475
112178 403
112284 355
112391 299
112497 250
112603 196
112711 148
112817 113
112924 87
113030 83
113137 41
113243 22
113349 30
113456 34
113562 60
113669 76
113776 104
113883 140
113989 181
114095 226
114202 274
114308 323
114415 387
114521 442
114627 466
114735 557
114841 626
114948 677
115054 745
115160 794
115267 839
115373 894
115480 917
115586 973
115694 1007
115800 1030
115906 1042
116013 1062
116119 1063
116226 1069
116332 1060
116438 1048
116545 1034
116651 994
116759 967
116865 932
116971 888
117078 854
117184 788
117291 738
117397 683
117503 623
117610 572
117717 519
117824 455
117930 411
118037 363
118143 319
118249 274
118356 231
118462 199
118569 170
118675 148
118783 131
118889 121
118995 112
119102 118
119208 128
119314 146
119421 166
119527 165
119634 220
119741 254
119848 294
119954 360
120060 385
120167 433
120273 483
120380 551
120486 586
120592 639
120700 692
120806 756
120913 784
121019 826
121126 862
121232 894
121338 926
121445 950
121551 968
121657 985
121765 997
121871 988
121978 956
122084 980
122191 956
122297 957
122403 892
122510 895
122616 861
122724 823
122830 799
122937 734
123043 684
123149 640
123256 561
123362 549
123469 505
123575 444
123681 393
123789 366
123895 324
124002 294
124108 257
124214 231
124321 214
124427 189
124534 179
124640 176
124748 172
124854 205
124960 190
125067 214
125173 230
125280 241
125386 284
125492 315
125599 356
125706 397
125813 433
125919 473
126025 521
126132 569
126238 613
126345 661
126451 693
126557 736
126664 785
126771 820
126878 850
126984 875
127091 894
127197 919
127303 952
127410 943
127516 940
127623 932
127730 935
127837 921
127943 906
128049 885
128156 839
128262 831
128368 795
128475 762
128581 790
128688 690
128795 640
128902 606
129008 562
129114 527
129221 484
129327 483
129434 402
129540 368
129646 340
129754 309
129860 286
129967 259
130073 252
130179 227
130286 233
130392 240
130499 475
130605 597
130713 638
130819 666
130925 708
131032 702
131138 715
131245 719
131351 720
131457 724
131564 717
131670 714
131778 718
131884 709
131991 702
132097 702
132203 715
132310 683
132416 675
132522 670
132629 647
132736 656
132843 652
132949 653
133056 670
133162 644
133268 646
133375 638
133481 684
133588 637
133695 636
133802 635
133908 629
134014 625
134121 630
134227 603
134334 626
134440 621
134546 612
134653 621
134760 620
134867 617
134973 617
135079 646
135186 613
135292 634
135399 621
135505 657
135611 618
135719 616
135825 619
135932 618
136038 617
136145 618
136251 609
136357 614
136464 613
136570 610
136677 652
136784 610
136890 607
136997 609
137103 605
137210 609
137316 606
137422 604
137529 624
137635 606
137743 603
137849 608
137956 614
138062 600
138168 598
138275 601
138381 591
138488 596
138594 593
138702 600
138808 600
138914 603
139021 601
139127 588
139233 598
139340 598
139446 596
139553 596
139659 604
139767 598
139873 603
139979 603
140086 603
140192 603
140299 597
140405 627
140511 600
140618 599
140725 603
140832 598
140938 598
141045 597
141151 598
141257 600
141364 594
141470 589
141576 578
141683 593
141790 592
141897 594
142003 554
142110 592
142216 593
142322 592
142429 598
142535 586
142642 587
142788 592
142895 587
143001 588
143108 592
143214 589
143320 592
143427 566
143533 588
143640 587
143747 587
143853 598
143960 604
144066 592
144173 599
144279 642
144385 596
144492 595
144598 592
144706 586
144812 595
144919 592
145025 592
145131 597
145238 587
145344 593
145451 589
145557 592
145663 594
145771 588
145877 588
145984 590
146090 591
146196 590
146303 580
146409 585
146516 590
146622 588
146730 586
146836 588
146942 584
147049 586
147155 588
147262 587
147368 584
147474 582
147581 563
147687 585
147795 586
147901 586
148007 587
148114 579
148220 584
148327 626
148433 595
148539 597
148646 591
148795 595
148902 575
149008 594
149115 589
149221 581
149327 511
149434 452
149540 388
149647 325
149754 273
149861 218
149967 171
150073 127
150180 95
150286 65
150392 50
150499 35
150605 25
150713 33
150819 39
150926 51
151032 82
151138 113
151245 151
151351 199
151458 235
151564 289
151670 345
151778 403
151884 466
151991 527
152097 587
152204 661
152310 705
152416 764
152523 815
152629 832
152737 923
152843 968
152949 999
153056 992
153162 1052
153269 1066
153375 1078
153481 1079
153588 1076
153695 1067
153802 1024
153908 1023
154015 995
154121 959
154227 922
154334 866
154440 824
154547 769
154653 724
154760 662
154867 599
154973 547
155080 546
155186 433
155292 382
155399 329
155505 290
155612 239
155719 204
155826 172
155932 144
156038 122
156145 108
156251 94
156358 101
156464 107
156570 118
156677 141
156784 165
156891 192
156997 228
157103 284
157210 314
157316 364
157423 414
157529 466
157635 518
157743 567
157849 614
157956 680
158062 722
158169 767
158275 823
158381 852
158488 894
158594 925
158702 954
158808 977
158915 991
159021 1003
159127 1014
159234 1006
159340 999
159446 982
159553 980
159659 944
159767 914
159873 883
159980 823
160086 799
160192 754
160299 710
160405 666
160512 614
160618 561
160726 505
160832 460
160938 415
161045 377
161151 310
161258 293
161364 284
161470 242
161577 217
161683 199
161791 186
161897 169
162003 166
162110 174
162216 183
162323 191
162429 199
162535 237
162642 261
162789 308
162895 349
163002 359
163108 429
163214 475
163321 518
163427 557
163533 611
163640 653
163747 700
163854 684
163960 769
164067 812
164173 843
164279 861
164386 897
164492 906
164599 929
164706 935
164813 943
164919 945
165025 933
165132 924
165238 908
165345 888
165451 867
165557 833
165664 800
165771 777
165878 721
165984 697
166090 662
166197 615
166303 580
166410 533
166516 490
166622 451
166730 410
166836 370
166943 343
167049 314
167156 271
167262 272
167368 246
167475 241
167581 229
167688 228
167795 474
167901 612
168008 639
168114 666
168221 685
168327 700
168433 704
168540 701
168646 713
168754 718
168860 714
168967 714
169073 704
169179 699
169286 696
169392 688
169499 684
169605 663
169713 668
169819 662
169925 655
170032 651
170138 659
170244 655
170351 621
170457 648
170564 644
170670 651
170778 665
170884 631
170990 638
171097 632
171203 619
171310 633
171416 621
171522 628
171629 651
171736 627
171843 631
171949 622
172056 629
172162 622
172268 619
172375 623
172481 615
172587 612
172695 614
172801 619
172908 611
173014 616
173121 610
173227 612
173333 610
173440 610
173546 610
173653 616
173760 602
173867 606
173973 607
174079 615
174186 616
174292 599
174399 633
174505 627
174611 613
174719 613
174825 607
174932 608
175038 610
175144 608
175251 629
175357 603
175464 598
175570 605
175676 597
175784 605
175890 606
175997 600
176103 604
176210 602
176316 606
176422 606
176529 605
176635 601
176743 600
176849 599
176955 564
177062 602
177168 592
177275 596
177381 597
177487 595
177594 596
177701 593
177808 592
177914 595
178021 593
178127 574
178233 592
178340 588
178446 591
178553 554
178659 593
178767 613
178873 600
178979 596
179086 597
179192 598
179298 602
179405 599
179511 602
179618 600
179725 598
179832 595
179938 600
180044 593
180151 596
180257 604
180364 593
180470 593
180576 590
180683 593
180790 592
180897 592
181003 598
181109 597
181216 587
181322 592
181429 594
181535 590
181641 594
181788 589
181895 591
182001 571
182107 579
182214 588
182320 582
182426 589
182533 588
182639 582
182785 586
182891 584
182997 580
183104 608
183210 595
183317 597
183423 595
183529 579
183636 592
183779 602
183885 594
183991 593
184098 596
184204 571
184311 587
184417 593
184523 587
184630 583
184737 589
184844 587
184950 588
185057 587
185163 590
185269 590
185376 593
185482 583
185588 586
185696 587
185802 571
185909 590
186015 582
186122 587
186228 586
186334 582
186441 583
186547 558
186654 498
186761 428
186868 368
186974 306
187080 252
187187 199
187293 156
187400 119
187506 96
187612 72
187720 47
187826 30
187933 36
188039 37
188145 49
188252 58
188358 85
188465 123
188571 159
188677 224
188785 256
188891 304
188998 361
189104 431
189211 479
189317 540
189423 599
189530 652
189636 720
189744 776
189850 830
189956 882
190063 920
190169 965
190276 966
190382 1030
190488 1051
190595 1063
190702 1077
190809 1075
190915 1073
191022 1063
191128 1033
191234 1011
191341 984
191447 944
191554 903
191660 860
191768 803
191874 769
191980 714
192087 654
192193 599
192299 535
192406 474
192512 428
192619 372
192726 326
192833 283
192939 234
193045 204
193152 184
193258 146
193365 128
193471 110
193577 115
193684 106
193791 117
193898 135
194004 185
194111 171
194217 202
194323 239
194430 279
194536 325
194642 368
194750 414
194856 472
194963 521
195069 576
195176 604
195282 672
195388 727
195495 774
195601 830
195709 856
195815 892
195922 926
196028 914
196134 973
196241 1001
196347 1007
196454 1009
196560 1010
196666 999
196774 986
196880 972
196987 936
197093 913
197199 877
197306 836
197412 801
197519 748
197625 705
197733 659
197839 609
197945 559
198052 526
198158 458
198265 419
198371 375
198477 324
198584 301
198691 264
198798 234
198904 217
199010 196
199117 185
199223 172
199330 124
199436 174
199542 183
199649 201
199756 223
199863 237
199969 271
200076 300
200182 338
200288 381
200395 413
200501 448
200608 514
200715 562
200822 598
200928 645
201034 690
201141 731
201247 771
201353 807
201460 843
201566 864
201673 890
201780 913
201887 925
201993 936
202099 937
202206 935
202312 937
202419 926
202525 912
202631 901
202739 867
202845 840
202952 828
203058 776
203165 738
203271 698
203377 629
203484 616
203590 575
203698 530
203804 495
203910 448
204017 410
204123 377
204230 317
204336 317
204442 281
204549 267
204655 248
204763 235
204869 229
204976 288
205082 434
205188 584
205295 637
205401 662
205508 691
205614 701
205721 706
205828 704
205934 713
206041 720
206147 716
206253 702
206360 710
206466 704
206573 698
206679 705
206787 684
206893 680
206999 676
207106 668
207212 665
207319 656
207425 655
207531 651
207638 649
207745 644
207852 669
207958 635
208064 636
208171 634
208277 615
208384 628
208490 623
208596 628
208704 626
208810 625
208917 625
209023 619
209130 613
209236 634
209342 625
209449 628
209555 632
209662 622
209769 623
209876 644
209982 618
210088 621
210195 616
210301 612
210407 614
210514 618
210620 618
210728 616
210834 610
210941 613
211047 610
211153 642
211260 607
211366 606
211473 614
211579 635
211685 604
211792 607
211898 605
212005 555
212111 601
212217 602
212324 605
212430 600
212537 591
212643 599
212751 598
212857 596
212963 601
213070 596
213176 596
213283 599
213389 596
213495 596
213602 580
213709 601
213816 605
213922 603
214028 601
214135 609
214241 606
214348 604
214454 602
214560 604
214667 604
214774 598
214881 594
214987 601
215094 601
215200 602
215306 604
215413 591
215519 598
215626 609
215733 596
215840 600
215946 593
216052 605
216159 592
216265 594
216371 597
216478 573
216584 584
216692 591
216798 595
216905 562
217011 598
217117 586
217224 591
217330 589
217437 590
217543 590
217649 586
217757 584
217863 591
217970 599
218076 598
218183 603
218289 594
218395 596
218502 605
