1.87 0.33 579.68 8.28
73.31 12.96 539.62 14.29
140.68 13.20 495.62 11.76
207.18 13.14 458.56 14.80
273.68 13.12 415.87 10.97
340.68 13.14 378.75 8.98
408.43 13.34 340.81 12.26
474.75 13.42 301.68 8.84
541.25 13.18 268.68 10.62
607.68 13.20 237.56 8.10
674.12 13.20 208.18 13.40
740.68 13.01 174.43 10.49
807.12 13.20 150.00 11.90
873.50 13.03 127.75 9.07
941.50 13.61 105.68 6.17
1008.06 13.66 83.75 8.23
1074.62 13.71 71.68 6.95
1140.93 13.83 56.00 9.13
1207.37 13.70 44.25 6.22
1273.93 13.59 38.87 7.28
1340.31 13.63 29.93 9.16
1408.62 15.87 34.87 16.00
1474.93 16.04 31.25 10.55
1541.56 15.75 34.87 13.17
1607.93 15.82 45.43 14.14
1674.31 15.77 51.81 9.51
1740.87 15.69 68.62 11.15
1807.25 15.82 77.37 7.85
1873.81 15.57 95.56 6.62
1940.12 15.79 115.68 9.08
2006.75 15.73 143.25 10.16
2073.18 15.74 165.75 9.47
2139.62 15.89 190.93 11.09
2206.12 15.69 221.62 15.60
2272.62 15.76 250.93 9.02
2339.06 15.67 283.81 10.92
2405.56 15.76 313.56 9.63
2471.93 16.04 355.81 12.20
2540.93 16.81 382.06 22.87
2607.31 16.81 421.75 24.89
2673.75 16.85 463.93 11.40
2740.31 16.81 498.75 12.49
2806.75 16.82 540.87 13.39
2873.25 16.56 576.06 17.06
2939.62 16.65 618.56 12.94
3006.18 16.81 658.75 17.22
3072.56 16.71 696.06 12.85
3139.06 16.88 722.50 32.34
3205.62 16.72 761.50 18.60
3272.06 16.60 796.31 13.94
3338.62 16.61 827.25 12.98
3404.93 16.68 862.56 15.63
3472.56 19.05 891.81 12.74
3539.12 19.00 918.75 14.30
3605.50 18.96 944.75 14.13
3671.93 18.92 971.12 10.14
3738.37 18.81 994.68 18.48
3804.87 18.81 1013.37 10.18
3871.43 18.63 1027.43 9.74
3937.81 18.81 1042.00 10.30
4004.43 18.84 1052.00 12.30
4070.68 18.79 1065.06 12.64
4137.18 18.85 1070.31 10.15
4203.81 18.76 1075.56 11.24
4270.12 18.77 1073.81 7.61
4336.81 18.66 1072.18 5.25
4403.12 18.70 1071.00 11.69
4469.68 19.08 1060.75 10.31
4536.12 19.00 1053.06 8.90
4605.06 19.59 1041.87 7.64
4671.56 19.40 1026.00 5.96
4737.87 19.44 1009.62 20.29
4804.37 19.33 988.00 7.78
4870.87 19.26 971.81 11.69
4937.31 19.46 944.87 8.44
5004.00 19.36 918.12 8.14
5070.06 19.31 892.81 6.51
5136.68 19.32 862.68 8.80
5203.18 19.26 830.56 10.49
5269.62 19.24 802.75 10.80
5336.31 19.05 768.12 12.58
5402.56 19.16 734.81 8.25
5469.18 19.51 693.81 21.06
5535.62 19.47 667.25 15.24
5602.00 19.65 630.50 12.29
5668.62 19.34 594.81 12.73
5734.87 19.44 558.37 12.35
5801.50 19.37 522.68 12.25
5867.87 19.26 485.18 13.50
5934.31 19.46 453.75 18.57
6001.06 19.31 416.43 17.77
6067.25 19.33 391.62 21.58
6133.81 19.41 355.87 12.39
6200.25 19.20 326.75 11.06
6266.68 19.32 305.25 14.72
6333.37 19.13 264.87 18.67
6399.75 19.32 245.31 9.90
6466.31 19.48 217.50 10.60
6532.62 19.47 197.93 10.62
6599.06 19.59 178.68 9.00
6665.68 19.42 160.31 12.25
6732.00 19.52 145.75 10.17
6798.56 19.32 134.62 5.95
6864.87 19.26 122.50 9.46
6931.43 19.35 116.43 7.51
6998.06 19.31 110.25 6.53
7064.31 19.33 115.31 16.16
7130.93 19.34 107.56 6.02
7197.25 19.20 110.00 4.77
7263.75 19.27 115.50 10.15
7330.37 19.13 124.06 8.88
7396.75 19.32 132.12 5.36
7463.43 19.38 145.43 6.92
7529.75 19.55 154.06 10.25
7596.12 19.66 173.68 15.39
7665.12 19.62 193.37 16.59
7731.56 19.68 213.81 8.53
7798.12 19.37 233.43 8.19
7864.50 19.43 254.62 18.51
7930.93 19.48 285.12 9.52
7997.50 19.46 314.12 17.73
8063.93 19.52 340.87 9.94
8130.37 19.52 369.56 10.10
8196.75 19.33 396.68 14.86
8263.18 19.34 432.43 10.38
8329.75 19.28 464.62 10.14
8396.31 19.38 497.56 22.47
8462.87 19.36 527.25 9.85
8529.25 19.61 562.43 10.25
8595.62 19.74 592.62 14.43
8662.12 19.62 626.56 11.29
8728.56 19.68 658.31 10.82
8795.12 19.37 689.18 12.18
8861.50 19.43 720.37 13.62
8928.00 19.53 751.18 11.10
8994.50 19.46 780.43 11.98
9060.93 19.52 808.81 15.43
9127.50 19.39 835.18 11.11
9193.87 19.39 848.43 21.90
9260.37 19.36 879.56 24.49
9326.81 19.22 907.25 17.39
9393.25 19.41 924.62 13.82
9459.87 19.46 945.62 16.56
9526.37 19.72 957.43 9.80
9592.75 19.70 973.00 9.38
9659.06 19.65 981.31 18.10
9725.62 19.60 989.12 8.44
9792.18 19.53 1003.25 16.02
9858.56 19.52 1004.56 8.80
9925.00 19.51 1003.12 8.29
9991.43 19.49 999.75 11.41
10057.87 19.56 1001.06 7.84
10124.43 19.43 999.00 5.21
10190.81 19.42 990.12 10.26
10257.37 19.33 980.06 6.88
10323.75 19.25 972.50 17.17
10390.25 19.41 955.37 15.08
10456.87 19.46 938.31 7.16
10523.37 19.72 918.43 17.86
10589.87 19.58 903.37 21.53
10656.18 19.71 882.50 8.11
10722.68 19.65 859.06 15.81
10789.18 19.53 832.93 11.94
10855.62 19.60 809.00 12.34
10922.18 19.36 778.12 21.93
10988.62 19.49 758.68 13.26
11055.00 19.52 727.06 11.00
11121.50 19.49 695.37 13.24
11188.00 19.49 672.56 18.69
11254.50 19.37 637.68 9.76
11320.81 19.24 607.62 15.61
11387.31 19.35 580.43 13.33
11453.93 19.52 547.06 9.88
11520.43 19.65 517.75 14.72
11586.93 19.52 484.56 12.31
11653.25 19.70 457.56 10.57
11719.68 19.65 430.81 9.96
11786.18 19.53 402.81 14.04
11852.62 19.60 375.31 9.32
11919.18 19.36 347.75 11.70
11985.56 19.42 325.93 8.59
12052.06 19.57 302.37 8.26
12118.50 19.49 281.50 10.91
12185.00 19.49 263.31 15.58
12251.56 19.31 245.56 7.14
12317.93 19.30 230.75 14.84
12384.62 19.28 216.12 9.14
12451.06 19.58 197.68 19.33
12517.43 19.65 195.50 11.88
12584.00 19.58 182.06 8.29
12650.43 19.78 177.62 8.99
12716.81 19.64 174.12 7.98
12783.18 19.53 172.12 6.78
12849.75 19.47 175.31 6.14
12916.25 19.42 175.87 7.90
12982.75 19.41 181.93 5.37
13049.12 19.52 190.06 9.35
13115.56 19.48 196.68 15.25
13182.00 19.49 208.87 4.33
13248.56 19.31 219.87 5.80
13314.93 19.30 237.37 12.97
13381.68 19.22 253.25 6.73
13448.06 19.58 273.37 13.58
13514.50 19.71 289.87 17.02
13581.00 19.58 314.68 10.00
13647.43 19.78 336.81 13.92
13713.93 19.52 357.25 9.09
13780.25 19.65 385.12 10.02
13846.81 19.53 406.31 12.14
13913.25 19.42 435.68 10.73
13979.81 19.49 464.06 8.72
14048.75 23.87 496.50 15.21
14115.12 24.08 524.25 14.21
14181.50 24.02 549.87 12.32
14248.00 23.79 580.37 14.03
14314.56 23.90 608.12 12.29
14381.12 23.71 633.68 11.82
14447.56 24.06 658.43 24.64
14514.00 24.08 685.25 15.92
14580.43 23.98 716.00 16.64
14646.93 24.14 739.06 18.23
14713.43 23.88 766.06 10.06
14779.81 24.04 786.18 10.44
14846.31 23.90 806.18 15.45
14912.68 23.82 828.56 10.05
14979.31 24.07 848.62 7.74
15045.75 23.87 864.06 16.92
15112.06 24.04 885.18 12.72
15178.56 24.06 894.00 5.83
15245.00 23.79 906.56 15.59
15311.56 23.90 919.62 6.45
15378.12 23.71 928.93 7.59
15444.68 24.06 934.43 15.39
15511.18 23.90 940.68 6.12
15577.50 24.07 942.43 9.48
15643.93 24.14 940.93 8.92
15710.50 23.92 942.56 4.77
15777.00 24.08 936.81 18.64
15843.43 23.87 936.87 7.09
15909.68 23.82 928.18 6.08
15976.37 24.02 917.56 14.25
16042.81 23.91 903.93 15.55
16109.18 23.97 894.75 6.86
16175.62 24.00 879.31 17.42
16244.56 23.64 864.12 8.05
16310.93 23.62 846.56 10.48
16377.50 23.38 832.37 12.93
16444.06 23.78 809.37 15.46
16510.62 23.50 787.68 8.89
16577.00 23.72 764.31 16.21
16643.37 23.86 741.68 15.12
16709.87 23.55 717.12 12.05
16776.37 23.77 695.87 13.74
16842.87 23.45 669.25 14.70
16909.25 23.49 639.31 11.69
16975.87 23.70 615.93 21.47
