1.90 0.29 587.84 15.37
69.56 6.39 534.62 12.70
136.06 6.29 483.00 15.08
202.56 6.39 425.06 9.01
268.96 6.33 373.75 7.44
335.46 6.43 323.68 8.97
401.96 6.34 277.59 9.37
470.71 10.43 234.93 19.59
537.12 10.63 194.75 7.76
603.56 10.49 162.28 16.90
670.43 10.61 130.06 7.46
737.75 11.21 105.59 7.08
804.21 11.12 83.15 7.29
870.75 11.32 62.78 14.45
937.15 11.14 55.37 9.50
1003.65 11.14 46.68 9.91
1070.12 11.16 45.31 14.44
1136.56 11.08 44.71 10.93
1203.12 11.07 52.18 16.56
1269.50 11.00 60.71 14.68
1335.96 11.03 76.40 6.01
1402.78 11.90 96.43 13.68
1469.21 11.93 118.18 9.66
1535.68 11.94 141.59 8.83
1602.03 11.80 167.96 13.69
1668.65 11.88 203.65 13.20
1735.09 11.87 234.90 10.98
1801.56 11.88 266.18 10.02
1868.09 11.97 302.59 14.45
1934.43 11.82 337.62 10.28
2001.03 11.88 375.84 12.97
2067.43 11.82 409.56 18.26
2133.87 11.84 449.46 10.10
2201.65 13.23 486.53 19.20
2268.00 13.07 525.40 10.47
2334.46 13.14 557.93 16.14
2401.03 13.25 589.06 20.56
2467.46 13.23 626.34 16.29
2534.00 13.26 659.15 12.07
2600.25 13.15 686.71 10.80
2666.93 13.23 716.09 15.40
2733.34 13.19 736.12 13.63
2799.78 13.18 762.75 10.50
2866.34 13.28 779.78 11.13
2932.75 13.18 797.43 9.26
2999.31 13.20 813.18 10.71
3065.62 13.15 822.18 12.25
3132.78 14.90 829.65 22.69
3199.21 14.79 838.09 6.06
3265.59 14.67 842.56 7.86
3332.12 14.76 839.81 12.57
3398.56 14.81 843.37 12.34
3465.09 14.94 834.46 6.67
3531.59 14.79 828.31 11.04
3597.93 14.73 814.65 12.42
3664.56 14.84 806.56 11.62
3730.93 14.72 793.46 12.47
3797.34 14.82 777.93 11.52
3865.15 15.91 760.06 7.83
3931.56 15.86 741.65 8.27
3999.31 16.66 722.12 14.22
4065.62 16.57 705.37 13.83
4132.21 16.68 682.84 8.21
4198.71 16.63 658.50 8.65
4265.12 16.58 638.56 9.37
4331.56 16.64 618.93 11.64
4398.03 16.61 598.65 13.03
4464.53 16.74 575.43 13.12
4531.03 16.61 555.03 10.74
4597.46 16.63 533.31 18.52
4663.96 16.60 516.81 16.34
4730.40 16.52 497.37 13.53
4796.90 16.61 482.90 17.35
4863.34 16.65 468.50 7.04
4930.46 17.87 457.62 10.65
4996.93 17.78 438.09 9.94
5063.25 17.68 431.62 15.62
5129.87 17.85 420.28 6.65
5196.31 17.75 409.68 17.35
5262.75 17.85 405.46 8.27
5329.21 17.74 399.87 10.26
5395.68 17.77 401.21 12.38
5462.12 17.93 399.71 12.11
5529.81 18.37 397.96 13.19
5596.28 18.42 399.34 10.19
5662.75 18.30 405.59 16.53
5729.18 18.28 410.65 25.17
5795.78 18.39 414.81 8.86
5862.15 18.36 417.00 17.61
5928.71 18.51 430.12 6.46
5995.18 18.37 436.93 11.05
6061.56 18.38 450.21 9.70
6128.09 18.45 457.59 9.22
6194.50 18.35 470.56 8.71
6261.00 18.45 483.53 9.84
6327.40 18.28 496.12 9.73
6395.21 18.86 507.81 6.07
6462.25 19.94 522.06 6.76
6528.56 19.80 536.46 12.64
6595.12 19.81 545.53 7.29
6661.62 19.73 560.00 14.52
6728.06 19.67 570.81 9.71
6794.65 19.80 585.00 10.56
6860.90 19.77 593.37 5.87
6927.46 19.85 602.65 8.79
6994.00 19.79 615.31 5.92
7060.37 19.77 621.75 14.26
7126.90 19.88 631.21 12.23
7193.34 19.67 637.12 7.58
7259.81 19.73 642.87 16.71
7326.34 19.73 649.18 12.41
7392.84 19.84 653.75 7.83
7459.31 19.90 656.40 9.85
7525.65 19.75 663.03 12.94
7592.25 19.94 660.62 9.05
7658.71 19.73 664.78 6.20
7725.18 19.77 665.87 10.22
7791.71 19.77 666.18 11.45
7858.00 19.75 661.31 8.10
7924.59 19.86 660.15 10.21
7991.06 19.75 651.09 20.06
8057.53 19.73 651.31 10.03
8124.00 19.82 645.87 13.97
8191.56 20.13 639.56 11.30
8258.09 20.18 638.75 10.84
8324.56 20.19 629.12 6.50
8391.09 20.31 621.18 8.23
8457.59 20.32 616.40 12.46
8523.90 20.23 607.25 10.56
8590.50 20.38 598.40 11.78
8656.90 20.18 590.43 12.57
8723.40 20.18 588.00 7.68
8790.00 20.22 580.53 7.42
8856.28 20.15 572.65 6.39
8924.15 20.63 568.15 12.88
8990.53 20.42 556.87 8.33
9058.15 20.65 551.00 13.91
9125.31 21.64 546.40 6.07
9191.68 21.57 541.03 11.19
9258.21 21.66 534.31 9.20
9324.59 21.48 531.15 5.85
9391.03 21.53 528.84 11.30
9457.59 21.62 524.31 10.80
9524.03 21.52 518.93 5.17
9590.53 21.62 517.84 9.61
9656.90 21.46 516.87 9.18
9723.43 21.41 511.71 9.74
9790.00 21.48 512.37 7.03
9856.34 21.37 512.96 8.28
9922.96 21.63 511.81 4.11
9989.34 21.45 514.15 12.34
10055.75 21.47 510.31 12.39
10122.37 21.59 517.18 5.12
10188.71 21.54 517.00 9.16
10256.43 21.81 515.78 15.95
10322.81 21.61 523.62 5.11
10389.37 21.73 529.78 8.22
10455.84 21.78 527.96 12.77
10522.31 21.67 535.71 9.36
10588.78 21.78 538.87 8.02
10655.25 21.49 542.71 10.54
10721.75 21.61 548.37 7.21
10788.25 21.56 547.06 8.72
10854.71 21.61 555.12 12.80
10921.25 21.69 562.03 11.31
10987.65 21.58 561.21 12.69
11054.06 21.59 568.18 6.92
11120.59 21.68 570.90 10.15
11187.62 22.43 576.15 13.47
11254.06 22.44 580.03 6.37
11320.43 22.25 584.81 11.11
11386.96 22.40 583.31 14.44
11453.40 22.46 590.53 7.34
11519.87 22.42 592.90 9.77
11586.40 22.41 595.28 9.65
11652.78 22.19 595.90 10.15
11719.37 22.38 597.21 16.50
11787.00 22.32 601.50 15.04
11853.46 22.41 598.53 8.02
11920.06 22.39 607.18 16.00
11986.40 22.33 606.59 10.21
12052.96 22.47 604.00 5.23
12119.37 22.38 599.87 10.19
12185.81 22.48 605.18 9.16
12252.31 22.46 605.50 12.28
12318.81 22.43 601.37 7.69
12385.25 22.52 600.28 12.13
12451.68 22.43 600.34 4.88
12518.15 22.50 596.37 12.65
12584.62 22.38 595.78 9.86
12651.15 22.31 593.56 6.00
12718.28 23.07 590.81 7.48
12784.59 22.95 587.25 7.82
12851.06 23.01 588.15 8.47
12917.68 23.04 583.96 7.81
12984.03 22.95 580.93 7.68
13050.56 23.15 580.56 13.71
13116.96 23.00 579.06 12.78
13183.37 23.17 573.75 10.82
13249.96 23.07 571.96 9.25
13316.37 23.04 569.56 7.76
13382.87 23.16 565.96 11.89
13449.28 23.04 562.81 5.75
13515.78 23.23 562.37 12.40
13583.46 23.05 560.62 13.34
13649.87 22.99 558.00 8.66
13716.50 23.04 559.87 12.17
13782.87 22.89 556.53 4.77
13849.40 23.14 555.81 17.26
13915.87 23.03 553.68 12.16
13982.34 23.01 552.84 8.96
14048.81 23.03 551.78 8.03
14115.28 22.96 552.71 10.04
14181.68 23.20 552.09 4.82
14248.18 23.02 549.31 8.25
14314.62 23.03 550.93 16.05
14381.15 23.00 549.62 11.87
14447.59 22.94 553.37 9.70
14514.65 23.78 552.00 8.61
14581.00 23.66 556.09 8.82
14647.46 23.53 551.71 10.36
14714.12 23.62 558.18 14.92
14780.40 23.44 557.56 8.18
14847.09 23.75 557.53 12.43
14913.40 23.63 559.03 8.12
14979.90 23.57 561.50 6.46
15046.46 23.62 563.43 12.08
15112.84 23.60 566.15 8.50
15179.37 23.86 570.62 21.14
15245.78 23.55 564.12 8.74
15312.21 23.61 569.78 10.17
15378.71 23.61 569.84 7.40
15445.28 23.63 571.25 5.37
15511.78 23.79 571.40 9.34
15578.03 23.63 573.46 6.00
15645.78 23.50 575.43 7.77
15713.56 23.97 577.00 9.82
15780.03 23.85 577.15 5.04
15846.62 24.00 580.00 12.25
15912.84 23.96 579.59 7.90
15980.62 23.64 580.37 8.44
16047.09 23.61 581.93 7.12
16113.56 23.56 581.68 12.71
16180.06 23.77 582.00 4.47
16246.34 23.57 581.59 9.80
16312.96 23.56 579.53 17.21
16379.34 23.57 583.93 7.66
16445.93 23.54 584.75 8.73
16512.40 23.71 583.21 7.32
16578.68 23.56 582.37 9.11
16645.37 23.69 584.31 15.60
16711.78 23.58 584.78 10.13
16778.25 23.50 579.28 8.51
16846.03 25.29 578.56 11.75
16912.93 25.71 582.28 11.13
16979.53 25.81 577.90 11.38
