2 557
145 467
251 359
357 305
464 227
570 160
677 108
783 82
889 53
996 45
1102 44
1209 53
1315 73
1421 100
1528 140
1634 180
1741 234
1847 302
1995 371
2101 428
2208 493
2314 548
2420 606
2527 653
2633 697
2740 743
2846 776
2953 805
3060 827
3166 834
3273 847
3379 844
3485 836
3592 820
3698 799
3805 775
3912 745
4019 710
4125 677
4231 652
4338 609
4444 580
4551 574
4657 518
4763 490
4870 464
4977 439
5084 423
5190 408
5296 398
5403 403
5509 395
5616 408
5722 389
5828 423
5936 437
6042 445
6149 493
6255 486
6362 507
6468 538
6574 543
6681 568
6787 587
6895 603
7001 613
7108 635
7214 638
7320 653
7427 620
7533 664
7639 664
7746 660
7852 659
7960 657
8066 651
8173 646
8279 632
8385 617
8492 611
8598 617
8705 588
8811 580
8919 561
9025 555
9131 544
9238 535
9344 527
9451 489
9557 513
9663 513
9770 522
9876 521
9984 522
10090 516
10196 525
10303 530
10409 533
10516 539
10622 538
10728 549
10835 564
10942 563
11049 598
11155 580
11262 577
11368 586
11474 591
11581 596
11687 602
11794 600
11901 599
12007 609
12114 604
12220 605
12327 614
12433 591
12539 599
12646 591
12752 593
12859 596
12966 580
13073 595
13179 573
13285 569
13392 565
13498 559
13605 557
13711 558
13817 552
13925 548
14031 556
14138 557
14244 560
14350 587
14457 560
14563 557
14670 557
14776 558
14882 562
14990 561
15096 568
15203 567
15309 564
15416 570
15522 572
15628 575
15735 577
15841 579
15949 574
16055 581
16162 582
16268 582
16374 585
16481 576
16587 579
16693 578
16800 580
16907 580
17014 573
17120 577
17227 577
17333 575
17439 573
17546 566
17652 568
17759 569
17865 561
17973 543
18079 569
18185 555
18292 566
18398 543
18505 573
18611 640
18717 673
18824 699
18931 710
19038 714
19144 717
19250 716
19357 705
19463 708
19570 700
19676 679
19782 693
19889 676
19995 672
20102 671
20208 666
20315 669
20421 659
20527 660
20634 651
20740 655
20846 654
20954 648
21060 640
21167 644
21273 667
21380 642
21486 646
21592 634
21699 622
21805 634
21913 633
22019 639
22126 621
22232 631
22338 631
22445 630
22551 565
22658 626
22764 641
22870 636
22978 634
23084 634
23191 635
23297 622
23403 632
23510 631
23616 628
23723 637
23829 620
23937 618
24043 626
24149 615
24256 626
24362 625
24469 615
24575 579
24681 620
24788 623
24895 622
25002 616
25108 604
25214 620
25321 617
25427 617
25534 612
25640 611
25746 616
25853 613
25960 609
26067 616
26173 585
26280 611
26386 604
26492 615
26599 659
26705 607
26812 608
26919 611
27026 635
27132 627
27238 621
27345 613
27451 603
27557 616
27664 615
27770 622
27877 608
27984 607
28091 613
28197 579
28303 615
28410 618
28516 606
28623 597
28729 611
28835 614
28943 613
29049 612
29156 607
29262 609
29369 606
29475 576
29581 604
29688 597
29794 606
29902 607
30008 608
30114 602
30221 602
30327 604
30434 604
30540 603
30646 604
30753 598
30859 601
30967 602
31073 557
31180 602
31286 607
31392 593
31499 613
31605 607
31712 611
31818 612
31925 621
32032 594
32138 604
32245 606
32351 653
32457 604
32564 610
32670 603
32777 604
32883 603
32991 601
33097 609
33203 603
33310 604
33416 604
33523 605
33629 600
33735 602
33842 601
33949 569
34056 601
34162 604
34268 595
34375 603
34481 598
34588 600
34694 600
34800 582
34908 592
35014 598
35121 597
35227 593
35334 603
35440 593
35546 571
35653 593
35759 594
35866 610
35973 608
36080 606
36186 608
36292 605
36399 585
36505 602
36611 596
36718 601
36824 623
36932 600
37038 604
37145 598
37251 603
37357 559
37464 467
37570 387
37677 300
37783 233
37889 170
37996 124
38102 83
38209 54
38315 32
38421 22
38528 55
38634 72
38741 99
38847 130
38955 184
39061 234
39167 290
39274 350
39380 405
39487 466
39593 524
39699 583
39806 636
39913 686
40020 721
40126 749
40232 798
40339 824
40445 837
40552 842
40658 845
40764 841
40871 829
40978 814
41085 787
41191 754
41298 753
41404 695
41510 665
41617 637
41723 589
41830 558
41937 522
42044 502
42150 475
42256 447
42363 430
42469 418
42575 401
42682 395
42788 392
42896 394
43002 402
43109 409
43215 421
43321 452
43428 449
43534 469
43641 494
43747 509
43853 531
43961 563
44067 566
44174 583
44280 605
44387 624
44493 651
44599 637
44706 660
44812 668
44920 671
45026 684
45132 665
45239 655
45345 656
45452 651
45558 643
45664 630
45771 616
45877 607
45985 596
46091 584
46198 535
46304 559
46410 551
46517 542
46623 527
46730 529
46836 518
46943 512
47050 544
47156 512
47263 514
47369 518
47475 506
47582 520
47688 523
47795 534
47902 538
48009 540
48115 543
48221 584
48328 562
48434 572
48541 579
48647 554
48753 584
48860 602
48967 602
49074 632
49180 609
49286 607
49393 610
49499 607
49606 608
49712 605
49818 609
49926 599
50032 596
50139 595
50245 590
50352 581
50458 577
50564 573
50671 572
50777 565
50884 562
50991 553
51098 550
51204 550
51310 548
51417 551
51523 542
51629 549
51736 550
51842 551
51950 550
52056 554
52163 552
52269 559
52375 542
52482 562
52588 563
52695 562
52801 568
52909 573
53015 575
53121 566
53228 585
53334 586
53441 590
53547 597
53653 593
53760 586
53866 580
53974 607
54080 586
54186 585
54293 584
54399 574
54506 579
54612 578
54718 578
54825 578
54932 571
55039 565
55145 571
55252 562
55358 568
55464 571
55571 560
55677 565
55784 562
55890 609
55997 667
56104 682
56210 698
56317 706
56423 711
56529 712
56636 703
56742 694
56849 669
56997 682
57104 677
57210 674
57317 673
57423 661
57529 682
57636 666
57742 658
57849 682
57956 662
58062 657
58169 656
58275 618
58382 654
58488 649
58594 651
58701 648
58807 641
58915 632
59021 660
59128 638
59234 636
59340 642
59447 622
59553 635
59660 634
59766 635
59872 641
59980 629
60086 627
60193 623
60299 624
60405 628
60512 623
60618 619
60725 633
60831 621
60939 624
61045 625
61151 615
61258 620
61364 619
61471 619
61577 620
61683 616
61790 616
61897 629
62004 624
62110 629
62217 628
62323 617
62429 623
62536 621
62642 622
62748 593
62855 617
62962 608
63069 619
63175 653
63282 612
63388 614
63494 607
63601 618
63707 615
63814 614
63921 604
64028 610
64134 613
64240 612
64347 622
64453 612
64560 609
64666 608
64772 596
64879 607
64986 608
65093 610
65199 589
65305 605
65412 603
65518 604
65625 608
65731 603
65837 601
65945 607
66051 606
66158 604
66264 620
66371 612
66477 612
66583 616
66690 613
66796 609
66904 605
67010 611
67116 609
67223 641
67329 605
67436 608
67542 602
67648 671
67755 610
67861 606
67969 613
68075 624
68182 606
68288 608
68394 604
68501 607
68607 600
68714 602
68820 605
68928 604
69034 605
69140 607
69247 599
69353 602
69459 602
69566 600
69672 619
69779 599
69885 602
69993 599
70099 582
70205 600
70312 596
70418 590
70525 597
70631 608
70737 608
70844 613
70951 603
71058 605
71164 604
71271 606
71377 609
71483 601
71590 602
71696 626
71802 606
71910 602
72016 604
72123 614
72229 601
72336 594
72442 602
72548 636
72655 599
72761 602
72868 600
72975 577
73082 601
73188 603
73294 597
73401 595
73507 597
73614 599
73720 599
73826 591
73934 595
74040 597
74147 603
74253 599
74359 595
74466 587
74572 625
74679 542
74785 455
74891 370
74999 316
75105 233
75212 165
75318 122
75424 95
75531 61
75637 53
75744 51
75850 83
75958 83
76064 119
76170 146
76277 197
76383 246
76490 305
76596 339
76702 417
76809 480
76916 542
77023 563
77129 645
77236 694
77342 722
77448 746
77555 793
77661 815
77767 834
77874 869
77981 840
78088 831
78194 817
78301 801
78407 772
78513 744
78620 718
78726 684
78833 652
78940 621
79047 591
79153 550
79259 521
79366 498
79472 480
79579 447
79685 433
79791 419
79899 371
80005 402
80112 406
80218 396
80324 420
80431 415
80537 428
80644 445
80750 480
80856 480
80964 499
81070 521
81177 540
81283 560
81390 571
81496 600
81602 613
81709 627
81815 646
81923 657
82029 654
82135 656
82242 662
82348 672
82455 660
82561 655
82667 649
82774 690
82880 630
82988 616
83094 608
83201 596
83307 585
83413 573
83520 565
83626 555
83733 551
83839 541
83947 537
84053 530
84159 524
84266 513
84372 483
84478 514
84585 519
84691 522
84798 544
84905 522
85012 526
85118 536
85224 494
85331 547
85437 552
85544 567
85650 532
85756 577
85863 577
85970 583
86077 595
86183 601
86290 600
86396 587
86502 602
86609 601
86715 601
86821 600
86929 604
87035 606
87142 591
87248 526
87355 589
87461 589
87567 583
87674 579
87780 569
87887 567
87994 583
88101 571
88207 559
88313 551
88420 560
88526 556
88633 556
88739 565
88845 545
88953 556
89059 558
89166 560
89272 570
89378 560
89485 563
89591 566
89698 542
89804 574
89912 575
90018 569
90124 580
90231 577
90337 577
90444 581
90550 594
90656 582
90763 583
90869 582
90977 584
91083 577
91189 575
91296 587
91402 576
91509 577
91615 578
91721 576
91828 573
91935 570
92042 569
92148 574
92255 567
92361 583
92467 580
92574 557
92680 574
92787 569
92894 568
93001 567
93107 571
93213 622
93320 672
93426 687
93532 705
93639 714
93745 693
93852 717
94003 706
94109 705
94215 696
94322 709
94428 690
94535 676
94641 674
94747 674
94854 666
95006 659
95112 655
95219 654
95325 657
95432 652
95538 655
95644 644
95751 647
95857 640
95965 643
96071 625
96178 640
96284 637
96390 638
96497 629
96603 635
96709 645
96816 634
96923 637
97030 641
97136 637
97243 639
97349 638
97455 635
97562 634
97668 631
97775 625
97881 628
97989 618
98095 628
98201 624
98308 627
98414 630
98521 620
98627 620
98733 619
98840 620
98947 602
99054 622
99160 616
99266 622
99373 561
99479 617
99586 619
99692 617
99798 592
99906 613
100012 613
100119 613
100225 610
100332 613
100438 611
100544 638
100651 612
100757 608
100864 599
100971 622
101077 623
101184 620
101290 620
101397 613
101503 617
101609 615
101716 616
101822 634
101930 613
102036 610
102143 613
102249 618
102355 617
102462 619
102568 606
102675 610
102781 611
102887 612
102995 612
103101 606
103208 610
103314 606
103420 604
103527 605
103633 604
103740 598
103846 595
103954 604
104060 605
104166 606
104273 660
104379 602
104486 604
104592 604
104698 605
104805 602
104912 593
105019 604
105125 599
105231 601
105338 604
105444 608
105551 609
105657 609
105763 609
105870 609
105977 604
106084 600
106190 606
106297 625
106403 607
106509 606
106616 600
106722 575
106829 604
106936 603
107042 604
107149 639
107255 603
107362 601
107468 603
107574 615
107681 602
107787 590
107895 601
108001 602
108108 601
108214 603
108320 617
108427 601
108533 598
108640 597
108746 606
108852 591
108960 593
109066 598
109173 591
