2 576
145 415
251 301
358 202
464 130
571 72
677 44
783 46
890 109
997 131
1104 207
1210 298
1317 404
1423 512
1529 619
1636 724
1742 827
1848 893
1956 943
2062 977
2169 990
2275 981
2382 964
2488 896
2594 834
2701 749
2807 666
2914 564
3021 482
3128 401
3234 333
3340 228
3447 237
3553 214
3659 213
3766 334
3872 271
4020 341
4126 413
4232 481
4339 565
4445 632
4552 702
4658 764
4764 818
4871 852
5017 845
5123 867
5230 849
5336 815
5443 753
5549 717
5655 654
5762 593
5868 532
5976 465
6082 413
6188 335
6295 342
6401 323
6508 314
6614 307
6720 364
6827 387
6934 428
7041 491
7147 526
7254 585
7360 633
7466 649
7573 725
7679 750
7786 774
7892 752
7999 783
8106 768
8212 751
8319 709
8425 679
8531 636
8638 591
8744 547
8851 501
8958 468
9065 437
9171 413
9277 401
9384 396
9490 414
9597 414
9703 436
9809 464
9916 478
10023 535
10130 573
10236 609
10342 628
10449 671
10555 691
10662 708
10768 717
10874 716
10982 703
11088 705
11195 674
11301 651
11408 619
11514 605
11620 559
11727 527
11833 503
11941 464
12047 468
12153 457
12260 453
12366 411
12473 469
12579 481
12685 502
12792 528
12898 546
13006 576
13112 681
13219 622
13325 641
13431 657
13538 665
13644 673
13751 671
13857 671
13964 705
14071 641
14177 624
14284 603
14390 535
14496 563
14603 534
14709 522
14816 610
14923 494
15030 486
15136 487
15242 542
15349 491
15455 508
15562 527
15668 544
15774 555
15881 574
15988 623
16095 614
16201 623
16307 630
16414 643
16520 645
16627 645
16733 642
16839 609
16947 622
17053 611
17160 593
17266 578
17373 567
17479 553
17585 540
17692 525
17798 524
17905 519
18012 517
18119 508
18225 520
18331 523
18438 547
18544 568
18650 665
18757 709
18863 710
18971 736
19077 733
19184 718
19290 714
19396 694
19503 682
19609 670
19716 602
19822 660
19930 659
20036 654
20142 615
20249 646
20355 640
20462 639
20568 641
20674 636
20781 635
20887 630
20995 625
21101 630
21207 626
21314 621
21420 624
21527 619
21633 620
21739 572
21846 618
21953 617
22060 619
22166 637
22273 614
22379 612
22485 614
22592 634
22698 608
22805 610
22911 608
23018 611
23125 610
23231 605
23338 624
23444 609
23550 604
23657 604
23763 598
23870 599
23977 603
24084 599
24190 618
24296 613
24403 608
24509 609
24616 600
24722 602
24828 611
24936 610
25042 589
25149 607
25255 601
25361 604
25468 604
25574 604
25681 602
25787 603
25893 604
26001 602
26107 599
26214 602
26320 600
26427 601
26533 600
26639 600
26746 598
26852 597
26960 600
27066 597
27173 596
27279 600
27385 597
27492 599
27598 596
27704 598
27811 594
27917 596
28025 595
28131 596
28238 554
28344 597
28450 618
28557 604
28663 611
28770 602
28876 606
29026 601
29132 608
29238 621
29345 606
29451 597
29558 605
29664 599
29770 601
29877 600
30027 596
30133 602
30240 598
30346 606
30453 602
30559 597
30665 605
30772 597
30878 597
31029 593
31136 598
31242 558
31349 600
31455 599
31561 596
31668 594
31774 597
31881 599
31988 596
32095 596
32201 588
32307 595
32414 612
32520 595
32627 597
32733 591
32839 602
32947 605
33053 602
33160 601
33266 582
33372 598
33479 599
33585 598
33692 603
33798 603
33904 589
34012 600
34118 595
34225 601
34331 601
34438 590
34544 591
34650 600
34757 600
34863 599
34971 598
35077 594
35183 599
35290 595
35396 597
35503 598
35609 591
35715 593
35822 598
35929 595
36036 597
36142 586
36249 590
36355 593
36461 587
36568 591
36674 590
36781 591
36887 591
36995 593
37101 590
37207 606
37314 582
37420 454
37526 347
37633 242
37739 150
37846 97
37953 56
38060 49
38166 89
38272 121
38379 182
38485 264
38592 364
38698 475
38804 585
38911 690
39018 788
39125 865
39231 931
39338 1019
39444 994
39550 993
39657 962
39763 890
39869 851
39977 774
40083 689
40190 609
40296 501
40403 421
40509 343
40615 285
40722 244
40828 203
40936 208
41042 221
41149 252
41255 297
41361 353
41468 415
41574 512
41681 586
41787 658
41893 724
42001 779
42107 828
42214 830
42320 873
42426 874
42533 851
42639 824
42746 773
42852 722
42960 660
43066 595
43172 534
43279 472
43385 420
43492 388
43598 348
43704 327
43811 320
43917 328
44025 349
44131 378
44237 399
44344 463
44450 519
44557 570
44663 656
44769 674
44876 709
45026 754
45132 772
45238 771
45345 769
45451 759
45557 732
45664 669
45770 662
45877 629
45984 581
46091 538
46197 495
46303 462
46410 435
46516 416
46623 404
46729 404
46835 409
46943 424
47049 446
47156 481
47262 518
47369 548
47475 589
47581 621
47688 647
47794 679
47900 701
48008 713
48114 724
48221 713
48327 706
48434 688
48540 621
48646 636
48753 603
48859 577
48967 514
49073 519
49180 495
49286 473
49392 454
49499 452
49605 446
49712 454
49818 466
49925 477
50032 498
50138 526
50245 562
50351 587
50457 609
50564 614
50670 649
50777 665
50883 672
50991 678
51097 672
51203 669
51310 655
51416 666
51523 620
51629 600
51735 579
51842 600
51949 534
52056 523
52162 486
52268 494
52375 489
52481 487
52588 511
52694 503
52800 510
52907 525
53014 541
53121 557
53227 573
53334 588
53440 596
53546 619
53653 629
53759 636
53866 696
53973 636
54080 635
54186 628
54292 615
54399 606
54505 586
54611 583
54718 565
54824 554
54932 541
55038 537
55145 520
55251 518
55357 518
55464 565
55570 523
55677 528
55783 541
55889 614
55997 690
56103 719
56210 732
56316 734
56423 732
56529 726
56635 711
56742 694
56848 678
56956 673
57062 661
57168 657
57275 654
57381 642
57488 638
57594 641
57700 639
57807 634
57913 635
58021 624
58127 626
58234 623
58340 629
58446 622
58553 618
58659 616
58765 646
58872 633
58979 623
59086 626
59192 615
59299 622
59405 619
59511 617
59618 617
59724 612
59831 614
59938 612
60045 612
60151 610
60257 613
60364 612
60470 612
60577 609
60683 613
60789 619
60896 603
61003 606
61110 608
61216 611
61322 604
61429 602
61535 605
61642 636
61748 600
61854 601
61962 608
62068 598
62175 602
62281 600
62388 598
62494 604
62600 598
62707 600
62813 561
62921 600
63027 598
63133 596
63240 609
63346 607
63453 606
63559 608
63665 613
63772 605
63878 606
63986 603
64092 604
64199 607
64305 602
64411 595
64518 600
64624 599
64731 601
64837 608
64945 600
65051 602
65157 598
65264 583
65370 600
65476 596
65583 600
65689 600
65796 595
65902 601
66010 598
66116 536
66222 596
66329 595
66435 599
66542 616
66648 591
66754 597
66861 598
66968 594
67075 594
67181 592
67288 588
67394 593
67500 592
67607 605
67713 599
67819 598
67927 601
68033 601
68140 601
68246 601
68353 597
68459 599
68565 541
68672 598
68778 599
68885 597
68992 596
69099 601
69205 599
69311 600
69418 600
69524 596
69631 600
69737 572
69843 596
69951 598
70057 595
70164 585
70270 596
70376 597
70483 595
70589 589
70696 592
70802 595
70908 594
71016 598
71122 597
71229 591
71335 592
71442 590
71548 593
71654 594
71761 590
71867 587
71975 604
72081 602
72187 598
72294 605
72400 599
72507 599
72613 610
72719 602
72826 601
72933 602
73040 598
73146 597
73253 596
73359 598
73465 555
73572 596
73678 596
73785 597
73891 598
73999 599
74105 594
74211 591
74318 598
74424 596
74530 599
74637 549
74743 438
74850 324
74957 224
75064 141
75170 86
75276 49
75383 47
75489 36
75596 118
75702 190
75808 273
75915 365
76021 487
76128 594
76234 711
76340 805
76447 881
76553 940
76660 982
76766 980
76872 990
77020 942
77126 893
77233 821
77339 737
77445 646
77552 556
77658 469
77765 388
77871 318
77979 263
78085 234
78191 230
78298 217
78404 240
78510 270
78617 328
78723 392
78830 463
78937 532
79044 612
79150 678
79256 747
79363 776
79469 838
79576 860
79682 863
79788 828
79895 830
80002 792
80109 754
80215 679
80322 625
80428 561
80534 499
80641 451
80747 407
80853 359
80961 345
81067 327
81174 332
81280 342
81387 386
81493 404
81599 447
81706 497
81812 553
81920 600
82026 644
82133 695
82239 718
82345 756
82452 778
82558 775
82665 781
82771 758
82877 736
82985 699
83091 658
83198 611
83304 570
83411 528
83517 488
83623 452
83730 421
83836 405
83944 396
84050 396
84156 403
84263 404
84369 446
84476 473
84582 510
84688 548
84795 583
84901 619
85009 660
85115 652
85222 707
85328 722
85434 721
85541 680
85647 707
85754 690
85860 668
85968 638
86074 604
86180 576
86287 571
86393 519
86499 500
86606 471
86712 450
86819 453
86926 455
87033 457
87139 506
87245 487
87352 505
87458 531
87565 558
87671 576
87777 600
87884 628
87991 647
88098 658
88204 669
88311 666
88417 668
88523 661
88630 650
88736 636
88842 614
88950 589
89056 574
89163 579
89269 531
89376 529
89482 506
89588 489
89695 492
89801 493
89908 500
90015 505
90122 514
90228 529
90334 546
90441 563
90547 576
90654 592
90760 611
90866 623
90974 632
91080 642
91187 617
91293 641
91399 632
91506 629
91612 634
91719 603
91825 591
91933 576
92039 558
92145 551
92252 539
92358 526
92465 507
92571 514
92677 511
92784 512
92890 521
92998 526
93104 536
93210 624
93317 687
93423 715
93530 729
93636 730
93742 736
93849 723
93956 713
94063 697
94169 685
94276 673
94382 666
94488 699
94595 651
94701 644
94808 648
94914 696
95021 639
95128 638
95234 628
95340 632
95447 630
95553 628
95660 629
95766 607
95872 626
95980 620
96086 621
96193 620
96299 623
96406 615
96512 618
96618 613
96725 614
96831 613
96939 612
97045 612
97151 611
97258 610
97364 610
97471 606
97577 601
97683 603
97790 607
97896 605
98004 625
98110 628
98217 613
98323 612
98429 609
98536 611
98642 614
98749 608
98855 611
98962 604
99069 606
99175 609
99282 600
99388 600
99494 605
99601 604
99707 604
99814 590
99921 597
100028 602
100134 602
100240 601
100347 599
100453 596
100560 601
100666 586
100772 601
100879 611
100986 580
101093 601
101199 597
101305 602
101412 609
101518 596
101625 597
101731 596
101837 621
101945 598
102051 598
102158 590
102264 596
102371 607
102477 606
102583 603
102690 576
102796 602
102903 602
103010 603
103117 605
103223 608
103329 598
103436 602
103542 601
103648 601
103755 604
103861 570
103969 601
104075 600
104182 601
104288 606
104394 594
104501 591
104607 599
104714 565
104820 598
104928 600
105034 594
105140 605
105247 596
105353 595
105460 599
105566 592
105672 596
105779 589
105885 593
105993 594
106099 599
106205 589
106312 638
106418 591
106525 593
106631 596
106737 609
106844 603
106951 603
107058 607
107164 597
107271 601
107377 591
107483 602
107590 630
107696 599
107803 604
107909 596
108016 601
108123 597
108229 596
108336 600
108442 594
108548 594
108655 601
108761 616
108868 597
108975 597
109082 594
109188 600
109294 596
109401 596
109507 594
109614 580
109720 594
109826 597
109934 596
110040 572
110147 601
110253 591
110359 594
110466 593
110572 596
110679 594
110785 582
110891 591
110999 591
111105 601
111212 583
111318 600
111425 597
111531 602
111637 597
111744 601
111850 597
111958 555
112064 431
112171 320
112277 218
112383 143
112490 84
112596 57
112702 53
112809 80
112915 99
113022 197
113128 287
113234 393
113341 495
113447 608
113554 707
113660 799
113766 880
113873 940
113980 978
114087 995
114193 979
114300 952
114406 899
114512 838
114619 757
114725 664
114832 571
114939 511
115045 401
115152 332
115258 274
115365 226
115471 219
115577 217
115684 236
115790 304
115897 311
116004 375
116111 449
116217 523
116323 600
116430 672
116536 697
116643 793
116749 833
116855 859
116963 858
117069 863
117176 848
117282 810
117388 795
117495 712
117601 647
117708 575
117814 523
117922 462
118028 408
118134 367
118241 332
118347 321
118454 319
118560 328
118666 353
118773 382
118879 427
118987 482
119093 528
119200 581
119306 633
119412 636
119519 716
119625 741
119731 781
119838 815
119945 781
120052 765
120158 746
120265 713
120371 676
120477 633
120584 581
120690 531
120797 505
120903 471
121011 441
121117 411
121223 403
121330 398
121436 368
121543 418
121649 440
121755 467
121862 490
121969 542
122076 577
122182 613
122288 668
122395 670
122501 692
122608 707
122714 699
122820 710
122928 702
123034 691
123141 669
123247 642
123354 616
123460 576
123566 551
123673 519
123779 498
123886 479
123993 454
124099 461
124206 454
124312 437
124419 468
124525 480
124631 494
124738 519
124844 551
124952 578
125058 606
125165 583
125271 645
125377 659
125484 668
125590 656
125697 670
125803 669
125909 657
126017 646
126123 624
126230 606
126336 612
126442 562
126549 541
126655 523
126762 544
126868 497
126976 487
127082 486
127188 413
127295 493
127401 504
127508 509
127614 502
127720 549
127827 568
127934 592
128041 598
128147 609
128254 628
128360 634
128466 651
128573 648
128679 644
128785 637
128892 626
128999 617
129106 602
129212 601
129319 572
129425 558
129531 546
129638 512
129744 522
129851 518
129958 515
130065 517
130171 518
130277 526
130384 530
130490 654
130597 676
130703 711
130809 734
130916 735
131023 736
131130 728
131236 730
131342 699
131449 685
131555 666
131662 676
131768 656
131874 652
131982 646
132088 641
132195 638
132301 636
132408 632
132514 629
132620 624
132727 627
132833 635
132941 633
133047 631
133153 627
133260 622
133366 622
133473 625
133579 621
133685 622
133792 618
133898 618
134006 619
134112 634
134219 618
134325 613
134431 614
134538 616
134644 611
134751 609
134857 613
134964 613
135071 607
135177 609
135284 609
135390 563
135496 604
135603 608
135709 606
135816 607
135923 604
136030 604
136136 601
136242 605
136349 603
136455 602
136562 596
136668 601
136774 599
136881 596
136988 584
137095 603
137201 613
137307 604
137414 608
137520 609
137627 608
137733 611
137839 591
137947 603
138053 605
138160 604
138266 604
138373 602
138479 597
138585 605
138692 604
138798 602
138905 606
139012 578
139119 599
139225 599
139331 596
139438 609
139544 597
139650 598
139757 599
139863 583
139971 599
140077 602
140184 595
140290 567
140396 594
140503 595
140609 596
140716 592
140822 594
140930 595
141036 584
141142 596
141249 592
141355 588
141462 613
141568 605
141674 606
141781 608
141887 594
141995 602
142101 599
142207 601
142314 629
142420 598
142527 601
142633 600
142739 601
142846 597
142953 599
143060 599
143166 599
143273 600
143379 599
143485 608
143592 594
143698 599
143805 596
143911 604
144018 598
144125 598
144231 591
144338 597
144444 597
144550 594
144657 597
144763 578
144870 598
144977 594
145084 590
145190 627
145296 588
145403 585
145509 595
145616 592
145722 593
145828 609
145936 600
146042 603
146149 603
146255 600
146361 624
146468 596
146574 600
146681 598
146787 645
146893 601
147001 604
147107 584
147214 609
147320 599
147427 595
147533 595
147639 602
147746 600
147852 596
147960 594
148066 595
148173 596
148279 592
148385 553
148492 597
148598 597
148704 596
148811 591
148917 596
149025 597
149131 597
149238 586
149344 464
149450 345
149557 243
149663 159
149770 96
149876 52
150026 49
150132 96
150238 164
150345 216
150451 302
150558 407
150664 515
150770 627
150877 730
151027 849
151133 916
151240 931
151346 994
151453 991
151559 974
151665 933
151772 874
151878 800
152029 670
152136 595
152242 498
152349 418
152455 342
152561 289
152668 242
152774 218
152881 216
152988 227
153095 255
153201 306
153307 367
153414 432
153520 513
153627 581
153733 655
153839 718
153947 781
154053 828
154160 851
154266 862
154372 861
154479 864
154585 844
154692 769
154798 716
154904 652
155012 595
155118 531
155225 471
155331 425
155438 400
155544 343
155650 328
155757 323
155863 335
155971 352
156077 385
156183 426
156290 483
156396 526
156503 578
156609 624
156715 678
156822 716
156929 750
157036 732
157142 777
157249 778
157355 764
157461 702
157568 712
157674 671
157781 631
157887 578
157995 541
158101 500
158207 464
158314 456
158420 410
158526 394
158633 392
158739 402
158846 420
158953 434
159060 472
159166 503
159272 541
159379 577
159485 635
159592 644
159698 675
159804 697
159911 705
160018 719
160125 721
160231 710
160338 718
160444 676
160550 647
160657 621
160763 593
160869 559
160977 528
161083 500
161190 474
161296 461
161403 454
161509 452
161615 452
161722 458
161828 473
161936 463
162042 517
162149 545
162255 571
162361 586
162468 613
162574 633
162681 649
162787 667
162893 668
163001 666
163107 637
163214 686
163320 652
163426 630
163533 607
163639 607
163746 565
163852 547
163960 528
164066 508
164172 503
164279 494
164385 447
164492 497
164598 495
164704 507
164811 560
164917 532
165025 556
165131 570
165237 580
165344 603
165450 615
165557 631
165663 643
165769 638
165876 644
166026 634
166132 631
166238 624
166345 608
166451 591
166557 577
166664 565
166770 545
166877 531
166984 522
167091 514
167197 510
167303 511
167410 502
167516 525
167623 534
167729 546
167835 667
167943 693
168049 726
168156 735
168262 747
168369 737
168475 724
168581 707
168688 695
168794 681
168900 674
169008 667
169114 655
169221 653
169327 650
169434 644
169540 646
169646 636
169753 636
169859 634
169967 631
170073 628
170180 631
170286 623
170392 624
170499 621
170605 621
170712 648
170818 617
170925 610
171032 614
171138 571
171245 614
171351 614
171457 606
171564 607
171670 608
171777 611
171883 621
171991 615
172097 614
172203 607
172310 594
172416 613
172523 609
172629 605
172735 611
172842 612
172949 610
173056 611
173162 598
173268 609
173375 608
173481 609
173588 622
173694 606
173800 604
173907 607
174014 565
174121 605
174227 604
174334 598
174440 602
174546 600
174653 601
174759 602
174866 596
174973 600
175080 600
175186 638
175292 598
175399 598
175505 600
175611 628
175718 598
175824 597
175932 596
176038 589
176145 596
176251 603
176357 604
176464 606
176570 603
176677 602
176783 604
176889 605
176997 601
177103 602
177210 593
177316 603
177423 600
177529 605
177635 596
177742 599
177848 602
177956 597
178062 597
178168 604
178275 603
178381 592
178488 598
178594 597
178700 594
178807 600
178913 598
179021 599
179127 597
179234 598
179340 598
179446 594
179553 592
179659 596
179765 598
179872 598
179979 594
180086 591
180192 594
180299 593
180405 589
180511 557
180618 598
180724 606
180831 604
180938 580
181045 601
181151 603
181257 603
181364 593
181470 599
181577 599
181683 600
181789 631
181896 596
182003 601
182110 627
182216 601
182322 595
182429 600
182535 598
182642 600
182748 598
182854 604
182962 597
183068 597
183175 591
183281 594
183388 601
183494 592
183600 593
183707 594
183813 571
183921 596
184027 598
184133 586
184240 596
184346 593
184453 595
184559 595
184665 588
184772 593
184878 614
184986 578
185092 603
185199 602
185305 597
185411 587
185518 598
185624 600
185731 602
185837 593
185945 597
186051 601
186157 600
186264 598
186370 596
186476 594
186583 547
186689 413
186796 308
186902 210
187010 139
187116 81
187222 53
187329 54
187435 81
187542 131
187648 205
187754 291
187861 424
187968 502
188075 615
188181 709
188288 809
188394 887
188500 944
188607 984
188713 942
188819 980
188927 949
189033 897
189140 831
189246 764
189353 675
189459 580
189565 492
189672 406
189778 342
189885 252
189992 241
190099 215
190205 214
190311 240
190418 265
190524 317
190631 378
190737 440
190843 525
190951 604
191057 663
191164 739
191270 792
191376 835
191483 861
191589 864
191696 866
191802 841
191908 806
192016 762
192122 706
192229 639
192335 603
192442 517
192548 457
192654 405
192761 385
192867 338
192975 321
193081 315
193187 327
193294 349
193400 381
193507 423
193613 487
193719 539
193826 589
193933 641
194040 691
194146 730
194253 758
194359 781
194465 781
194572 785
194678 767
194785 749
194891 713
194999 674
195105 625
195211 586
195318 540
195424 496
195530 464
195637 403
195743 410
195850 396
195957 395
196064 404
196170 416
196276 440
196383 471
196489 502
196596 540
196702 582
196808 609
196915 649
197021 673
197128 695
197234 711
197340 714
197447 712
197553 706
197660 733
197766 665
197872 638
198020 610
198126 578
198233 543
198339 531
198445 488
198552 473
198658 459
198765 451
198871 449
198979 457
199085 472
199191 488
199298 513
199404 528
199510 539
199617 583
199723 607
199830 633
199937 657
200044 661
200150 669
200256 674
200363 668
200469 666
200576 648
200682 638
200788 610
200895 597
201002 574
201109 558
201215 524
201322 512
201428 498
201534 473
201641 485
201747 476
201853 484
201961 483
202067 506
202174 524
202280 553
202387 578
202493 581
202599 598
202706 615
202812 629
202920 634
203026 645
203133 648
203239 644
203345 642
203452 631
203558 620
203665 610
203771 594
203877 578
203985 538
204091 545
204198 537
204304 525
204411 517
204517 516
204623 506
204730 513
204836 517
204944 528
205050 537
205156 643
205263 692
205369 725
205476 734
205582 735
205688 720
205795 712
205901 702
206009 690
206115 675
206222 670
206328 654
206434 632
206541 644
206647 658
206754 650
206860 672
206968 639
207074 640
207180 634
207287 538
207393 635
207499 630
207606 632
207712 604
207819 624
207926 626
208033 620
208139 616
208245 621
208352 616
208458 619
208565 620
208671 611
208777 613
208884 612
208991 617
209098 614
209204 607
209311 595
209417 611
209523 611
209630 609
209736 616
209842 608
209950 606
210056 606
210163 604
210269 609
210376 603
210482 601
210588 606
210695 601
210801 603
210908 595
211015 607
211122 609
211228 608
211334 586
211441 610
211547 602
211654 606
211760 607
211866 606
211974 605
212080 604
212187 666
212293 606
212399 602
212506 606
212612 590
212719 594
212825 601
212933 601
213039 599
213145 603
213252 598
213358 598
213465 598
213571 598
213677 602
213784 598
213890 599
213998 601
214104 599
214210 558
214317 601
214423 597
214530 598
214636 630
214742 597
214849 598
214956 593
215063 586
215169 595
215276 596
215382 603
215488 641
215595 599
215701 602
215808 605
215914 600
216021 599
216128 600
216234 593
216340 599
216447 601
216553 605
216660 600
216766 600
216872 599
216980 599
217086 602
217193 601
217299 595
217406 600
217512 595
217618 597
217725 597
217831 593
217939 602
218045 596
218151 595
218258 594
218364 600
218471 594
218577 591
