1.75 0.43 586.31 15.38
113.00 13.27 468.43 16.44
219.62 13.05 367.68 21.42
326.12 13.06 275.50 11.88
432.50 13.10 192.75 10.05
544.68 24.78 130.68 12.22
656.12 26.95 89.81 8.55
762.56 26.82 74.00 4.08
869.18 26.78 79.75 13.93
978.06 26.96 111.37 10.15
1084.62 26.85 164.68 16.01
1191.12 26.96 229.12 21.34
1297.50 26.84 313.00 21.09
1404.00 26.82 405.56 24.11
1510.62 27.04 503.75 26.82
1617.18 27.17 613.68 30.50
1723.68 27.03 710.43 25.67
1830.12 26.90 805.62 21.56
1939.00 30.11 886.56 24.52
2048.00 29.85 956.00 19.91
2154.62 29.80 1004.37 11.25
2261.00 29.80 1032.31 9.36
2367.62 29.62 1041.43 11.45
2474.18 29.86 1017.87 18.20
2583.31 34.54 983.75 16.74
2689.81 34.53 936.50 22.17
2796.18 34.43 865.87 24.41
2903.12 34.43 781.06 28.08
3012.00 36.92 689.75 33.41
3118.43 37.13 596.68 32.89
3225.00 36.86 500.25 32.91
3331.43 36.84 405.12 29.11
3438.18 36.88 326.93 25.57
3544.50 36.99 257.50 19.82
3651.12 36.96 200.75 17.75
3757.43 36.95 157.62 14.02
3864.06 37.13 138.68 11.11
3973.31 41.76 143.75 12.03
4079.75 41.83 166.00 14.30
4186.25 41.73 204.12 21.14
4292.81 41.76 258.87 25.40
4399.18 41.67 332.37 29.49
4505.87 41.75 413.18 35.18
4612.25 41.93 493.68 37.07
4718.93 41.74 584.25 35.15
4825.37 41.72 669.25 39.34
4934.62 48.14 757.00 35.10
5041.06 48.37 832.00 34.07
5147.37 48.19 888.37 23.50
5254.12 48.24 931.81 16.35
5360.50 48.08 960.75 17.99
5467.12 48.03 974.75 5.91
5573.62 48.19 970.62 14.23
5682.62 48.70 942.12 16.63
5789.18 48.67 899.87 28.68
5898.37 55.96 846.18 35.63
6004.87 56.00 774.81 40.62
6111.18 56.07 694.50 48.65
6217.81 56.09 621.93 48.65
6324.31 55.90 524.12 49.64
6430.75 55.90 448.87 39.69
6537.62 56.04 375.75 37.27
6643.93 55.98 312.56 30.95
6750.62 56.07 257.56 24.31
6859.50 64.11 221.37 16.25
6966.18 64.22 207.31 15.50
7072.75 64.07 200.18 10.35
7179.12 64.14 215.87 22.08
7285.68 64.02 237.00 30.31
7392.18 63.86 293.68 37.41
7498.75 64.10 341.43 40.69
7605.31 63.99 411.00 43.65
7711.68 64.13 484.06 48.98
7821.00 72.61 564.56 53.06
7927.50 72.69 643.06 52.46
8033.75 72.68 712.81 44.13
8140.37 72.74 778.93 37.93
8246.81 72.59 834.00 30.91
8353.43 72.45 881.00 20.67
8459.93 72.55 906.43 13.54
8566.56 72.54 918.18 8.77
8672.93 72.65 918.31 18.59
8782.00 81.59 900.87 32.46
8888.68 81.64 872.31 41.83
8995.12 81.45 823.62 48.89
9101.81 81.61 764.56 53.11
9208.06 81.52 701.12 55.92
9314.62 81.33 628.93 57.09
9421.18 81.39 562.93 57.81
9527.68 81.34 485.43 49.22
9634.43 81.48 422.87 43.86
9743.37 90.60 361.37 36.06
9849.87 90.73 311.68 30.43
9956.43 90.57 280.18 21.25
10062.93 90.68 256.81 8.04
10169.50 90.57 252.18 18.98
10275.81 90.45 255.12 26.33
10382.37 90.52 275.12 37.61
10488.87 90.43 309.68 46.82
10595.50 90.65 356.37 50.68
10704.62 99.92 414.37 63.89
10811.00 100.03 476.56 54.34
10917.81 99.84 540.25 61.47
11024.12 100.01 605.50 56.35
11130.56 99.92 667.43 51.73
11237.12 99.74 729.25 42.05
11343.56 99.82 785.12 30.64
11450.31 99.70 821.75 22.55
11556.81 99.83 853.31 10.17
11665.93 109.29 868.18 15.47
11772.37 109.41 879.68 20.64
11878.75 109.31 862.81 37.53
11985.62 109.33 840.81 48.21
12091.93 109.24 801.06 54.53
12198.43 109.13 756.81 61.91
12304.87 109.23 697.75 61.24
12411.25 109.13 638.25 63.10
12518.18 109.21 581.62 59.79
12627.06 112.77 521.43 56.00
12733.68 112.69 463.75 57.16
12840.00 112.82 410.62 38.49
12946.62 112.68 365.50 24.12
13053.18 112.87 332.93 15.24
13159.43 112.93 307.62 14.02
13266.18 112.85 292.06 28.30
13372.56 112.99 299.06 31.85
13479.25 112.86 313.81 43.12
13588.37 101.81 342.81 57.33
13694.81 101.55 370.87 62.27
13801.43 101.81 422.31 67.17
13907.93 101.68 476.56 66.69
14014.43 101.85 529.68 64.81
14120.81 101.95 586.43 59.68
14227.18 101.76 640.56 52.28
14334.00 102.06 691.50 41.55
14440.31 101.87 737.81 30.47
14549.81 88.34 776.50 14.65
14656.12 88.10 803.06 10.22
14762.43 88.15 824.75 20.87
14869.18 88.15 830.25 32.88
14975.62 88.30 824.00 45.61
15082.31 88.56 807.62 55.25
15188.50 88.23 779.68 63.47
15294.93 88.42 743.81 68.62
15401.68 88.41 698.43 69.73
15510.62 70.86 648.75 70.63
15617.50 70.73 594.68 62.36
15723.75 70.80 545.56 59.69
15830.31 70.60 495.18 49.22
15936.93 70.97 447.37 35.81
16043.18 71.08 405.00 21.93
16149.87 70.97 377.18 12.14
16256.25 71.15 356.25 20.00
16362.81 70.99 337.87 28.82
16471.87 45.35 336.37 44.46
16580.93 41.63 348.43 54.91
16687.62 42.46 368.18 62.32
16794.00 41.68 394.00 69.34
16900.56 42.25 428.18 73.65
17007.00 42.85 471.93 71.68
17113.37 42.12 517.62 69.26
17220.00 42.90 570.31 59.60
17326.50 42.33 615.18 53.05
17435.68 36.84 661.75 40.81
17544.75 42.95 705.43 24.45
17651.12 42.66 736.43 21.54
17757.68 42.77 771.25 20.35
17864.06 42.59 784.00 24.27
17970.87 41.51 788.06 31.19
18077.18 42.38 797.06 35.19
18183.56 42.13 784.25 34.58
18290.18 42.07 767.50 34.26
18399.12 71.84 739.50 36.05
18506.12 71.80 708.25 23.56
18612.37 71.78 678.50 13.32
18718.87 72.15 673.06 16.14
18828.00 69.55 657.75 11.18
18934.62 69.21 653.25 16.25
19041.18 69.36 647.31 8.75
19150.18 68.65 646.25 15.91
19256.75 68.85 640.56 11.49
19365.81 90.86 636.75 11.43
19472.31 91.22 632.25 7.73
19578.93 90.81 631.25 12.80
19685.43 91.23 626.25 7.24
19791.93 90.88 624.00 7.42
19898.43 90.68 628.81 12.27
20004.87 90.93 620.50 7.68
20114.06 91.16 622.06 6.74
20220.62 91.50 620.81 8.50
20329.75 109.78 618.87 8.54
20436.31 110.09 614.50 7.05
20542.81 109.89 619.75 7.56
20649.31 110.05 613.12 10.48
20755.81 109.96 615.18 4.24
20862.37 109.50 610.56 10.76
20969.00 109.83 614.93 7.01
21075.37 109.62 612.93 11.55
21181.93 109.82 608.68 12.46
21291.00 104.22 611.68 7.83
21397.50 104.14 606.87 8.59
21504.12 104.19 607.06 8.98
21610.75 104.18 607.62 6.94
21717.25 104.24 602.93 13.11
21823.56 104.47 600.75 12.18
21930.12 104.36 604.31 6.51
22036.68 104.48 602.87 5.36
22143.18 104.39 605.56 13.13
22252.25 82.12 607.75 7.50
22358.81 82.01 607.06 12.27
22465.18 82.39 604.25 6.11
22571.93 81.92 598.93 6.90
22678.43 82.45 606.37 10.58
22784.87 82.49 601.75 6.08
22891.31 82.28 601.87 5.82
22998.00 82.72 595.81 26.75
23104.43 82.27 599.81 4.90
23213.43 49.66 598.31 12.41
23320.00 48.84 595.68 23.10
23426.62 50.03 598.93 7.05
23533.25 49.06 604.62 13.68
23639.62 49.65 599.00 5.67
23746.12 50.45 600.00 19.33
23852.50 49.31 593.81 8.43
23959.25 50.64 598.25 5.43
24065.81 49.67 596.18 4.42
24174.68 45.43 603.50 15.63
24281.25 45.82 600.93 17.66
24387.68 45.39 596.75 4.48
24494.43 45.52 599.56 8.48
24600.87 45.31 598.50 4.43
24707.43 44.27 601.93 11.58
24813.93 45.13 595.12 9.27
24920.31 44.61 598.87 7.25
25027.00 44.73 598.50 3.10
25136.00 82.32 596.75 10.33
25242.56 82.43 598.06 16.03
25349.06 82.20 602.12 12.81
25455.56 82.43 597.00 5.31
25562.18 81.95 596.81 4.19
25668.62 81.85 595.43 8.48
25775.25 81.88 594.37 8.75
25881.68 81.78 597.68 4.90
25988.25 81.94 594.25 12.98
26097.37 107.89 596.37 11.62
26203.75 108.34 601.31 27.11
26310.31 107.81 594.50 6.32
26416.81 108.28 597.00 5.83
26523.50 107.79 598.25 8.12
26632.68 106.25 594.50 6.07
26739.00 106.67 591.62 10.40
26845.50 106.18 596.75 5.55
26952.25 106.48 591.06 14.99
27061.43 102.18 592.25 10.63
27167.93 101.68 591.50 10.42
27274.25 101.97 594.18 4.72
27380.75 101.83 593.93 8.03
27487.31 101.93 594.50 10.49
27596.81 103.01 592.25 9.90
27703.31 102.49 594.37 10.95
27809.62 102.74 591.62 8.61
27916.18 102.60 589.25 15.29
28025.43 72.31 594.37 3.92
28131.93 72.00 592.06 9.19
28238.31 72.10 596.25 7.05
28344.87 71.90 595.37 11.16
28451.37 72.50 599.12 11.42
28558.06 72.86 591.00 7.63
28664.50 72.51 598.62 11.47
28771.00 72.67 593.06 8.93
28877.50 72.47 594.81 5.90
28986.75 15.45 593.50 7.83
29093.18 18.00 593.62 7.72
29199.56 15.62 594.93 4.26
29306.06 18.40 600.06 9.97
29412.68 14.33 595.68 11.87
29519.25 13.61 592.06 14.41
29625.81 14.97 592.93 19.13
29732.18 13.33 594.12 5.49
29838.62 16.79 594.37 3.59
29947.81 76.92 596.50 7.13
30054.50 77.47 601.87 14.25
30160.81 77.08 594.56 6.56
30267.43 77.37 596.50 6.45
30373.81 77.08 597.81 10.79
30480.25 76.39 595.18 4.02
30587.00 77.10 595.43 7.31
30693.50 76.36 591.25 15.36
30800.06 76.99 592.56 7.57
30908.93 108.87 592.50 4.86
31018.25 108.21 598.00 11.01
31124.75 108.06 592.37 9.95
31231.18 108.29 592.56 7.71
31337.68 108.03 595.93 11.40
31444.18 107.55 595.43 7.98
31550.93 107.87 592.68 4.34
31657.25 107.70 590.37 8.09
31763.81 107.82 593.87 6.48
31872.81 95.25 594.31 7.18
31982.25 95.00 591.56 5.93
32088.68 95.26 590.68 4.31
32195.06 94.69 595.12 6.77
32301.56 95.36 589.06 11.68
32408.00 95.55 592.68 4.88
32514.81 95.50 593.68 8.22
32621.18 95.70 591.81 5.67
32727.62 95.17 595.87 6.28
32836.75 53.18 590.75 8.17
32946.06 49.67 587.00 15.59
33052.68 51.06 593.50 9.20
33159.06 49.81 592.56 11.65
33265.50 50.40 603.00 20.54
33371.87 51.41 587.93 19.96
33478.43 50.54 594.50 5.21
33585.25 51.93 594.68 6.19
33691.56 50.62 599.06 8.57
33800.87 62.09 595.18 5.10
33907.25 63.13 596.50 11.84
34013.81 62.39 596.75 5.63
34122.87 62.97 599.37 10.32
34229.12 62.90 594.00 7.92
34335.75 61.84 593.25 3.99
34442.12 62.67 593.37 8.22
34548.75 62.19 602.31 16.66
34655.31 62.46 593.56 8.68
34764.18 103.03 595.18 9.02
34870.87 103.34 592.18 11.98
34977.31 102.93 593.43 2.74
35083.93 103.36 593.25 10.75
35190.31 102.82 598.18 18.28
35296.75 102.58 593.25 15.36
35403.43 102.65 596.43 6.44
35509.75 102.41 597.50 9.37
35616.56 102.71 595.56 4.65
35725.62 97.19 594.18 12.49
35832.00 96.54 595.87 10.73
35938.68 97.30 593.68 9.47
36045.25 96.76 580.56 35.45
36151.68 97.19 582.87 51.42
36258.00 97.49 575.31 75.84
36364.56 97.03 566.68 94.21
36471.12 97.85 559.18 108.79
36577.75 97.19 566.50 108.96
36686.87 49.25 562.56 100.17
36793.37 48.26 561.06 102.05
36899.81 48.67 559.50 114.63
37006.50 48.69 564.81 105.00
37112.87 48.96 574.75 85.69
37219.31 49.97 575.50 67.04
37325.75 48.94 560.06 54.64
37432.37 50.16 537.75 70.19
37541.62 55.91 445.06 80.61
37650.75 64.20 358.00 114.79
37757.37 64.52 284.93 56.19
37863.68 64.32 218.18 87.69
37970.37 64.76 173.50 98.63
38076.87 63.97 148.25 52.89
38183.25 63.61 138.87 5.25
38289.81 63.86 146.37 18.43
38396.18 63.44 183.93 80.78
38505.68 59.56 233.37 108.90
38617.37 103.73 297.81 37.69
38723.93 104.19 371.25 101.20
38830.43 103.64 459.43 92.80
38936.93 104.34 549.75 69.21
39043.50 103.58 640.12 74.13
39149.87 103.27 723.37 98.63
39256.37 103.78 798.68 100.14
39362.75 103.19 863.37 38.88
39469.37 103.68 916.12 84.40
39578.75 92.46 954.00 102.97
39685.06 91.58 976.87 79.11
39791.62 92.19 976.87 83.44
39898.25 91.71 957.93 105.36
40004.62 92.03 921.31 93.71
40113.81 92.16 871.87 27.29
40220.31 91.50 805.87 88.07
40326.75 92.05 733.31 105.83
40433.43 91.71 653.56 79.50
40542.62 24.10 572.93 69.47
40649.18 22.72 486.87 85.48
40755.62 24.46 412.87 114.42
40862.18 23.31 340.75 79.17
40968.68 24.58 286.93 31.60
41075.25 26.91 239.50 89.48
41181.68 24.96 207.12 113.93
41288.06 25.79 199.25 106.97
41394.56 24.88 200.12 112.07
41503.75 85.92 222.68 76.86
41613.18 87.27 256.56 24.75
41719.68 86.50 311.62 93.01
41826.12 87.32 373.87 106.73
41932.62 86.65 437.93 84.09
42039.18 85.96 526.06 67.62
42145.75 86.55 600.62 75.05
42252.12 86.09 675.12 95.49
42358.56 86.88 745.62 108.39
42467.75 105.77 812.06 62.89
42577.18 103.37 856.62 42.60
42683.81 104.12 892.18 79.36
42790.18 103.40 917.75 87.19
42896.75 103.82 922.87 83.98
43003.12 104.39 912.43 58.86
43109.75 103.92 890.50 38.64
43216.25 104.56 850.06 89.19
43322.62 103.89 803.31 115.43
43431.93 49.70 741.93 83.45
43541.43 41.72 674.06 74.22
43647.93 42.49 600.31 75.87
43754.43 41.78 531.87 95.34
43860.87 42.37 459.56 111.62
43967.43 44.07 396.18 97.15
44074.06 43.21 340.56 66.84
44180.37 43.58 297.93 22.18
44286.81 42.76 270.31 46.95
44395.93 82.11 244.25 47.86
44502.68 82.43 239.12 16.33
44609.18 81.79 261.37 69.07
44715.62 82.72 286.43 99.56
44822.06 81.90 330.62 107.97
44928.62 81.50 371.25 91.04
45035.31 81.57 431.81 75.07
45141.62 81.18 495.12 69.01
45248.18 81.86 563.62 74.34
45357.25 106.76 634.06 99.46
45463.87 106.11 696.06 113.97
45570.50 106.95 752.06 96.26
45676.93 106.20 803.75 70.89
45783.43 106.88 839.81 52.58
45889.81 107.40 865.87 43.95
45996.43 106.73 880.18 61.39
46103.00 107.62 874.00 78.96
46209.37 106.68 861.12 102.41
46318.43 49.39 835.50 105.37
46425.00 48.59 791.00 84.77
46531.62 49.69 745.87 68.32
46638.25 49.02 689.00 57.21
46744.56 49.36 625.37 70.39
46851.18 51.34 562.00 83.71
46960.25 48.02 497.25 102.13
47066.93 49.84 442.50 114.89
47173.37 48.69 392.00 97.32
47282.25 82.99 352.37 86.53
47388.87 83.06 315.43 80.19
47495.43 82.57 292.31 81.96
47602.18 82.80 294.25 92.28
47708.56 82.22 287.62 110.54
47814.93 81.92 309.25 107.11
47921.56 82.25 344.25 86.38
48028.00 81.94 384.68 75.85
48134.62 82.16 437.43 68.90
48243.62 103.56 493.56 60.51
48350.25 103.09 543.81 76.83
48456.75 103.77 604.81 89.06
48563.25 102.82 662.75 108.76
48669.87 103.92 709.06 112.28
48776.18 104.22 755.37 103.60
48882.87 103.70 801.37 89.91
48989.25 104.30 824.93 94.44
49095.87 103.61 837.31 104.26
49204.93 35.18 844.12 115.85
49311.31 32.39 833.00 100.95
49418.00 35.55 810.37 84.00
49527.12 45.69 776.12 74.04
49633.56 46.33 742.43 58.63
49740.06 48.22 689.43 53.48
49846.56 46.58 638.31 62.04
49953.12 48.26 584.81 76.57
50059.68 47.16 529.18 89.31
50168.75 86.89 476.12 105.41
50275.18 87.47 424.12 114.30
50381.62 87.14 391.87 114.41
50488.31 87.39 353.68 112.88
50594.81 86.76 331.06 115.40
50701.25 86.18 327.93 106.49
50807.81 86.56 325.50 96.74
50914.25 86.38 337.56 84.47
51020.81 86.61 358.18 69.90
51129.93 96.85 391.87 54.15
51236.50 96.32 433.43 47.61
51342.87 96.87 476.68 52.26
51449.50 96.11 527.18 66.79
51555.93 97.00 575.68 80.65
51662.62 97.60 631.25 89.27
51769.18 97.35 680.68 100.23
51875.56 97.70 720.62 107.36
51981.93 96.64 758.43 110.19
52091.31 26.07 786.06 105.93
52197.68 29.89 804.06 100.30
52304.12 26.77 812.68 91.00
52413.06 11.01 810.18 79.05
52522.43 29.19 790.31 66.27
52629.00 32.09 770.75 60.91
52735.50 29.26 732.25 44.88
52842.00 32.23 691.00 47.98
52948.50 29.36 647.31 55.01
53057.62 97.06 595.75 79.46
53164.25 97.50 544.31 77.35
53270.62 97.13 502.75 85.90
53377.12 97.59 459.56 93.35
53486.31 91.52 420.68 95.42
53592.81 90.58 390.18 94.06
53699.25 91.36 362.50 93.13
53805.75 90.75 348.87 86.88
53912.31 91.30 351.43 84.21
54021.37 89.21 359.93 81.47
54128.06 89.10 385.37 77.96
54234.31 89.41 411.00 70.29
54340.93 88.78 447.18 65.08
54447.56 89.87 487.87 57.97
54553.87 90.00 534.18 52.22
54663.18 92.46 580.50 47.74
54769.43 92.70 625.37 45.21
54876.00 92.14 674.37 39.12
54985.06 46.91 708.31 38.42
55091.75 47.98 742.62 42.48
55198.25 46.07 765.81 42.46
55304.50 48.68 785.93 44.56
55411.12 46.56 788.50 44.55
55517.68 45.08 787.50 46.64
55626.75 43.52 775.81 47.35
55733.18 41.63 751.31 44.18
55842.12 34.08 720.31 48.77
55951.37 109.32 695.62 31.43
56057.81 110.12 673.12 21.26
56164.50 109.11 664.87 16.13
56270.93 109.82 658.93 15.67
56377.25 109.52 653.81 14.31
56483.93 108.54 652.18 19.69
56590.43 109.35 642.93 11.58
56696.87 108.77 639.87 10.02
56803.50 109.15 634.31 7.69
56912.50 61.58 635.87 12.68
57019.18 61.21 627.43 13.91
57125.68 62.13 626.62 8.67
57232.12 61.11 624.56 9.14
57338.56 62.21 625.18 12.33
57445.06 63.30 617.62 13.67
57551.75 62.57 620.87 6.42
57658.25 63.38 619.50 7.27
57764.87 62.81 621.56 13.98
57873.68 86.10 612.31 7.97
57980.37 86.78 613.81 5.68
58086.87 85.92 611.50 8.63
58193.31 86.88 612.87 11.13
58299.81 85.75 606.75 6.14
58406.25 85.08 612.00 9.64
58513.00 85.56 609.43 14.47
58619.50 84.78 610.50 14.08
58725.93 85.80 610.37 10.06
58835.12 89.78 609.37 14.52
58941.62 88.67 602.62 9.33
59048.06 89.67 608.06 8.17
59157.25 95.47 601.56 14.73
59263.56 95.87 603.56 14.45
59370.18 97.02 602.75 7.93
59476.75 96.19 602.12 7.61
59583.25 96.89 602.87 6.61
59689.75 96.19 605.68 5.56
59798.87 49.18 598.68 12.50
59905.37 50.36 606.06 9.10
60011.81 49.56 602.93 11.72
60118.62 49.55 601.12 5.91
60224.87 49.05 601.50 9.02
60331.37 47.30 602.43 6.85
60437.93 48.52 602.25 4.18
60544.43 47.40 602.87 8.17
60651.12 48.26 596.87 11.47
60760.12 112.31 600.06 7.00
60866.68 111.85 599.87 8.79
60973.12 112.35 604.37 10.40
61079.68 111.69 603.75 8.14
61186.37 112.78 599.81 4.29
61292.56 112.87 598.50 7.85
61399.06 112.38 592.93 11.32
61505.81 113.25 596.87 12.27
61612.31 112.50 599.31 12.84
61721.43 25.52 598.87 9.92
61830.56 34.02 596.81 7.49
61937.18 37.12 584.81 29.31
62043.56 34.20 598.37 12.39
62150.31 37.81 597.37 5.73
62256.62 39.09 600.62 18.80
62363.06 36.69 594.75 4.79
62469.62 39.36 596.25 5.25
62576.25 36.86 594.68 11.49
62685.50 103.84 595.81 9.92
62791.87 104.87 590.50 17.07
62898.25 104.45 595.12 4.24
63004.87 104.89 594.06 7.91
63111.37 104.29 597.31 17.11
63217.87 103.30 597.31 7.94
63324.18 104.41 594.87 10.60
63430.68 103.72 594.50 5.69
63537.50 103.96 597.75 12.93
63646.50 59.27 592.50 10.51
63753.25 58.94 595.87 14.42
63859.50 59.42 596.25 7.27
63966.06 58.06 592.87 9.21
64072.56 59.95 597.87 11.19
64179.00 60.79 594.81 5.04
64285.56 59.92 591.43 11.02
64391.93 60.85 603.31 25.08
64498.75 60.48 594.81 10.91
64607.68 95.13 596.31 4.88
64714.25 95.99 600.68 11.94
64820.75 94.97 596.43 4.26
64927.25 96.09 594.93 5.79
65033.75 94.98 596.12 3.57
65140.25 94.07 596.43 10.46
65246.81 94.87 593.75 4.89
65353.25 94.07 593.00 6.78
65459.68 94.92 593.12 6.81
65571.56 68.78 591.93 18.43
65677.93 67.22 597.12 7.03
65784.43 68.17 596.56 7.95
65891.00 67.38 593.18 3.88
65997.31 68.09 593.18 9.87
66104.12 70.29 592.87 8.54
66210.50 68.64 592.56 10.83
66317.00 69.89 594.06 6.15
66423.43 68.61 593.37 9.76
66535.06 93.90 596.00 11.49
66641.75 94.38 598.93 10.32
66748.18 93.55 594.31 10.49
66854.81 94.20 598.43 14.58
66961.18 93.69 597.68 12.38
67067.75 92.61 593.18 4.89
67174.37 93.13 593.25 3.19
67280.50 92.96 591.18 7.27
67387.18 93.38 594.62 14.27
67496.25 69.60 596.43 6.00
67602.93 68.72 594.43 5.53
67709.50 70.29 590.56 12.83
67815.93 68.87 598.43 13.73
67922.43 70.13 597.43 10.64
68028.75 70.69 593.31 11.64
68135.62 70.65 593.56 9.48
68241.93 71.43 595.25 8.83
68348.18 69.60 591.50 13.22
68457.68 91.93 590.06 12.62
68564.12 93.02 593.25 6.41
68670.75 91.96 595.43 13.45
68777.18 92.93 601.68 19.38
68883.62 92.34 587.50 20.76
68990.12 91.19 589.87 13.20
69096.62 92.02 598.06 7.12
69203.31 90.68 596.43 7.69
69309.62 92.11 595.43 13.55
69418.87 69.30 592.37 8.13
69525.50 68.22 593.62 4.95
69631.87 69.10 596.06 10.73
69738.56 68.41 596.75 25.27
69844.81 69.06 592.93 4.34
69951.50 70.65 596.06 7.76
70057.87 69.10 594.12 12.64
70164.43 70.68 595.06 4.76
70271.12 69.91 593.06 8.02
70379.81 95.43 592.12 7.17
70486.75 95.60 594.00 6.76
70593.12 94.87 591.56 7.02
70699.62 96.01 595.81 6.16
70806.25 94.53 596.00 9.70
70912.43 94.28 594.68 6.95
71019.25 94.61 592.06 3.65
71128.18 86.21 592.50 12.12
71234.93 86.65 594.81 12.93
71343.87 72.57 592.87 12.84
71450.25 71.11 594.25 11.04
71557.00 72.84 591.87 12.73
71663.50 71.40 593.68 5.15
71772.81 82.58 594.56 5.67
71879.06 83.09 591.18 11.45
71985.62 81.89 581.68 34.55
72092.12 83.25 577.12 55.06
72198.62 82.18 569.06 86.86
72307.81 86.06 567.43 103.48
72414.18 87.36 564.31 113.77
72520.87 86.15 563.81 106.60
72627.43 86.93 560.93 102.29
72736.50 78.35 562.81 107.08
72843.12 76.93 562.93 112.73
72949.43 78.48 568.37 100.37
73056.12 76.98 573.25 85.19
73162.75 77.69 581.50 53.91
73271.56 79.44 588.12 27.46
73378.12 78.39 593.37 8.91
73484.62 79.38 601.93 21.86
73591.43 79.09 609.18 44.49
73700.56 86.55 612.37 64.94
73807.18 87.73 607.06 88.48
73913.50 86.40 613.18 97.47
74019.93 87.26 621.00 104.19
74126.62 86.77 620.18 104.78
74235.62 84.18 618.06 104.28
74342.12 85.47 622.00 92.64
74448.68 83.98 615.12 81.09
74555.25 85.02 607.93 66.44
74662.00 83.44 593.56 62.31
74768.18 83.01 557.50 76.00
74874.87 83.87 498.68 94.84
74981.25 82.85 392.81 90.06
75087.81 83.77 305.87 84.78
75197.12 71.69 214.18 60.35
75303.37 69.46 154.37 45.09
75410.06 71.53 105.75 37.23
75516.50 69.82 89.93 21.67
75623.25 71.71 90.62 28.45
75729.56 72.67 113.87 49.37
75836.06 71.26 157.00 57.30
75942.62 72.81 214.50 72.98
76049.06 71.24 295.62 92.89
76158.43 98.99 383.12 92.43
76264.81 100.06 484.81 92.73
76371.12 99.44 585.18 93.36
76477.81 100.12 681.93 86.31
76584.18 99.31 772.06 78.18
76690.87 98.17 856.75 67.33
76797.37 99.06 924.25 51.04
76903.75 98.36 974.43 39.48
77010.37 99.08 1011.25 25.80
77119.31 42.13 1028.25 21.71
77226.18 41.90 1018.37 31.77
77332.37 42.78 989.93 47.04
77438.87 40.67 946.00 62.78
77545.62 43.95 879.93 76.05
77652.00 45.31 801.87 83.09
77758.75 44.27 725.62 89.08
77864.93 45.05 628.87 87.85
77971.75 44.21 535.68 85.78
78080.56 115.44 440.31 80.09
78187.25 114.96 358.50 67.87
78293.75 115.82 285.31 55.08
78399.93 114.41 222.12 44.51
78506.87 115.73 181.87 31.17
78613.37 114.92 157.37 15.86
78720.00 115.70 154.50 26.87
78826.37 114.94 166.50 33.52
78932.75 115.72 189.18 52.40
79044.50 43.11 247.12 64.11
79150.93 45.25 313.62 75.75
79257.50 42.61 388.81 82.66
79364.00 44.79 472.00 84.82
79470.25 43.54 557.31 85.98
79577.18 39.29 642.06 83.32
79686.37 34.44 726.81 75.19
79792.93 31.23 798.50 61.55
79899.31 34.70 862.43 48.33
80008.37 99.18 918.18 35.28
80115.00 98.58 943.31 32.75
80221.37 99.37 962.93 14.27
80328.12 98.93 954.62 32.50
80434.43 99.56 940.62 42.15
80541.06 100.75 903.18 53.21
80650.43 101.81 854.68 67.71
80756.87 102.64 786.06 78.19
80863.50 101.93 714.18 88.96
80972.43 75.23 636.68 89.81
81079.06 76.21 556.25 83.00
81185.62 74.42 482.37 80.37
81292.00 76.08 402.00 73.31
81398.50 74.67 340.25 63.03
81504.93 73.64 284.62 47.23
81614.62 73.31 245.37 30.74
81721.12 71.77 220.81 19.51
81827.56 73.28 210.81 17.21
81936.75 73.17 219.68 34.34
82043.12 71.32 247.31 49.36
82149.81 73.50 282.00 66.18
82256.31 72.08 332.81 77.23
82362.62 73.01 389.37 76.81
82469.18 74.63 466.93 87.46
82575.75 73.27 540.62 89.00
82682.50 75.44 619.12 80.95
82788.81 73.37 691.62 79.50
82898.00 104.40 754.06 66.75
83004.50 105.52 807.75 59.05
83110.93 104.46 861.62 44.40
83217.62 105.00 889.25 23.98
83323.87 104.61 908.25 19.28
83430.31 103.80 907.68 26.10
83537.12 104.27 902.62 35.44
83643.56 103.20 868.62 55.22
83750.25 103.96 832.18 71.03
83859.12 24.30 778.18 82.05
83965.75 27.87 714.12 81.38
84072.12 24.30 646.06 90.35
84178.75 26.80 577.87 86.16
84285.37 21.23 511.37 81.80
84391.50 20.14 445.62 70.89
84498.25 21.95 386.00 60.20
84604.81 17.20 335.43 47.32
84711.50 20.83 290.06 40.82
84820.50 98.16 270.81 24.79
84926.87 96.85 259.81 24.15
85033.50 98.24 267.62 34.61
85139.87 96.80 280.12 47.51
85249.12 101.68 318.56 61.60
85355.43 102.30 352.12 72.28
85461.93 101.39 406.87 81.01
85568.75 102.80 466.18 89.83
85675.06 101.48 527.68 90.53
85784.12 81.59 591.50 84.26
85890.68 82.74 658.56 75.92
85997.06 81.82 715.87 65.61
86103.81 82.45 762.56 53.50
86210.12 81.44 809.37 41.69
86316.75 79.60 838.12 32.00
86423.06 81.62 857.68 21.04
86529.81 79.79 863.25 26.97
86639.18 70.01 857.50 42.56
86748.06 68.85 839.31 60.17
86854.75 67.95 798.75 68.15
86961.00 68.63 759.62 78.58
87070.37 78.50 707.43 80.60
87176.93 80.16 652.87 83.94
87283.25 81.11 587.93 84.75
87389.75 79.77 534.75 76.76
87496.06 80.69 474.93 67.55
87605.81 88.87 421.00 58.18
87717.50 90.79 374.12 46.34
87823.93 92.25 342.12 31.52
87930.50 90.83 313.12 24.82
88039.62 84.12 303.62 26.58
88146.06 82.79 303.56 37.54
88252.62 81.12 314.00 49.24
88359.00 82.75 337.68 60.90
88465.68 80.86 371.43 69.67
88572.25 82.17 416.00 79.91
88681.43 51.74 469.25 79.58
88790.43 59.56 529.50 78.99
88896.93 61.37 579.87 74.32
89006.18 69.37 636.31 69.88
89112.43 70.06 683.43 63.33
89219.18 72.70 731.56 48.70
89325.56 70.80 772.25 41.56
89432.06 72.54 802.81 28.85
89541.56 82.70 821.50 23.43
89650.68 103.86 818.12 35.21
89757.25 104.81 821.62 42.38
89863.62 103.86 807.37 43.35
89970.12 105.02 788.62 51.49
90076.68 103.82 752.00 48.33
90183.00 103.19 706.00 51.03
90289.75 103.53 665.43 52.11
90396.06 102.87 613.31 54.71
90505.37 95.90 558.06 66.67
90620.18 40.13 509.25 60.44
90726.68 37.22 467.06 62.06
90833.12 39.59 421.87 65.73
90939.62 36.85 392.87 65.57
91046.06 39.69 366.50 70.29
91152.62 42.61 354.81 68.28
91261.87 48.71 350.31 69.88
91368.18 49.67 357.56 69.55
91474.75 47.91 373.87 70.34
91589.62 112.14 399.68 67.88
91696.18 111.23 430.56 69.68
91802.62 112.30 472.56 64.75
91909.12 111.06 514.62 60.63
92015.56 112.02 563.62 56.10
92122.00 112.90 611.75 53.02
92228.62 112.11 650.12 47.86
92335.12 113.41 695.43 49.58
92441.62 112.26 726.50 49.83
92553.68 77.99 756.87 44.29
92660.43 78.98 774.62 46.75
92766.87 77.60 782.50 47.33
92873.37 79.18 779.37 48.90
92979.81 77.76 773.31 56.33
93086.25 76.37 755.93 51.72
93192.81 77.88 731.43 48.27
93299.31 75.97 706.12 41.47
93405.87 77.30 682.18 29.64
93515.00 50.27 662.31 24.78
93621.68 49.17 659.50 17.11
93728.12 50.67 650.37 16.59
93834.56 48.24 651.62 18.48
93941.12 50.54 643.06 13.72
94047.56 52.61 638.25 12.17
94154.00 50.70 635.43 12.01
94260.56 52.83 628.75 14.82
94367.00 50.68 631.56 8.46
94476.25 104.42 627.56 9.24
94582.87 103.55 624.81 10.63
94689.50 104.91 624.93 13.11
94798.56 109.24 622.25 7.96
94905.00 110.31 619.50 13.04
95011.50 111.27 621.18 8.62
95118.00 110.16 616.43 11.36
95224.68 111.71 612.68 10.38
95331.00 110.38 611.06 13.42
95440.18 80.08 614.93 7.08
95546.62 82.42 614.06 14.41
95653.37 79.96 613.37 10.69
95759.93 81.54 611.56 13.17
95866.18 80.69 608.50 10.34
95972.81 78.38 610.93 13.46
96079.25 80.63 605.00 20.16
96185.87 78.44 608.75 4.01
96292.37 79.99 613.56 19.44
96401.37 38.88 605.37 15.45
96508.06 36.31 599.12 15.46
96614.50 38.98 605.50 3.62
96721.12 37.02 600.12 14.82
96827.56 39.31 605.93 7.57
96934.06 42.62 604.43 8.88
97040.62 39.73 602.00 5.16
97146.87 41.22 597.00 15.15
97253.56 40.07 598.87 11.33
97362.62 96.44 603.68 8.98
97469.25 95.55 600.37 4.15
97575.81 96.79 601.18 6.60
97684.75 102.43 602.12 7.37
97791.31 104.04 597.18 5.21
97897.62 104.44 599.31 5.51
98004.31 104.02 601.00 9.16
98110.68 104.53 599.37 7.62
98217.18 103.55 602.43 9.03
98326.43 91.82 596.68 10.05
98432.75 93.99 594.93 10.68
98539.56 91.58 602.81 13.37
98646.00 93.54 596.31 7.70
98752.56 91.84 592.00 14.25
98859.06 90.68 599.62 5.34
98965.43 92.28 602.93 11.28
99072.00 90.61 599.56 5.46
99178.50 92.12 597.06 17.03
99287.62 32.70 598.18 5.65
99394.18 36.37 601.68 12.74
99500.62 33.20 597.25 4.01
99607.43 34.34 597.87 8.16
99713.81 32.32 597.56 10.00
99820.25 27.74 589.50 16.49
99926.75 32.83 596.68 5.42
100033.12 29.51 594.43 12.08
100139.68 32.32 595.50 5.70
100248.81 77.89 596.87 5.49
100358.18 90.81 597.37 18.07
100464.50 91.07 597.56 25.39
100571.12 90.46 597.12 7.42
100677.75 91.77 596.12 3.62
100784.06 92.68 595.43 5.78
100890.68 91.99 591.00 15.54
100997.12 92.85 595.81 4.16
101103.56 91.44 596.25 4.09
101212.81 107.16 595.37 5.80
101321.93 98.20 595.56 16.66
101428.43 96.79 590.62 12.78
101534.93 98.48 594.81 3.54
101641.62 96.37 590.25 8.56
101748.12 95.38 596.37 6.19
101854.56 96.70 591.75 7.19
101961.00 95.47 594.93 3.25
102067.50 97.04 600.18 26.52
102176.68 50.47 592.93 3.82
102285.93 30.55 596.56 19.81
102392.43 24.67 593.93 4.32
102499.00 30.31 594.75 12.78
102605.43 25.87 594.31 6.21
102712.06 17.10 598.18 12.64
102818.43 26.17 593.81 4.17
102925.06 16.69 595.06 14.10
103034.18 27.67 594.50 7.51
103143.06 85.19 592.50 6.95
103249.87 84.94 593.00 10.87
103356.25 85.93 591.12 14.59
103462.75 84.81 597.31 6.37
103569.18 85.62 594.68 5.25
103680.93 98.18 595.37 6.77
103787.62 97.21 595.06 8.03
103893.93 98.05 598.31 13.66
104000.56 97.39 594.93 4.52
104109.50 105.33 599.25 10.50
104216.18 105.74 593.68 9.62
104322.62 104.63 593.62 8.99
104429.00 106.43 595.25 4.60
104535.75 104.38 598.37 13.93
104644.62 101.91 594.12 9.45
104751.37 102.15 596.68 15.42
104857.62 101.76 596.87 6.19
104964.12 103.03 593.37 7.00
105073.25 65.67 594.06 3.95
105179.68 68.52 597.12 9.74
105289.00 57.82 595.50 3.78
105395.25 61.52 595.56 9.36
105501.81 59.19 594.12 4.50
105608.50 56.18 590.00 18.28
105714.93 58.76 593.31 3.57
105821.43 56.07 594.31 3.44
105927.68 59.88 593.93 9.97
106036.93 50.75 593.75 2.02
106143.50 48.01 590.37 7.87
106250.00 50.85 588.81 10.54
106356.68 49.83 599.68 13.75
106462.81 50.07 590.93 9.99
106569.68 54.53 596.37 16.08
106676.12 51.38 595.31 10.24
106782.68 54.32 589.00 12.43
106889.18 52.14 597.43 9.41
107000.62 99.89 595.93 11.41
107107.43 99.63 594.75 8.95
107213.75 100.38 590.93 6.19
107320.37 99.61 588.68 10.15
107426.68 100.51 596.87 14.02
107533.12 101.29 594.81 4.69
107640.06 101.34 595.00 11.81
107746.31 101.86 598.12 11.25
107853.00 101.14 586.56 20.29
107962.00 105.06 581.62 50.54
108068.37 106.66 580.87 73.37
108175.00 104.91 571.87 93.27
108284.18 94.90 569.00 111.77
108390.68 93.39 563.43 110.00
108497.06 92.32 557.37 105.10
108603.81 93.19 563.50 106.27
108710.31 91.59 562.25 112.06
108816.81 93.29 566.81 110.94
108926.00 56.10 573.62 90.48
109032.37 59.35 575.68 68.17
109138.93 56.45 585.37 47.23
109248.31 35.40 591.06 23.45
109357.18 32.92 594.18 6.91
109463.81 38.39 601.12 31.06
109570.18 32.78 605.75 52.39
109676.93 38.78 610.31 71.33
109783.43 34.74 618.93 86.07
109892.37 80.11 622.50 103.82
109999.06 79.15 620.93 106.97
110105.37 80.00 623.37 107.43
110212.06 79.21 614.25 104.64
110318.50 80.64 618.87 92.42
110424.87 82.05 613.31 78.51
110531.62 80.92 610.93 60.31
110638.12 82.60 603.43 40.23
110744.75 81.55 597.50 17.41
110853.62 107.67 589.06 17.04
110960.25 106.81 582.81 40.03
111066.68 108.04 581.68 60.78
111173.12 106.31 573.43 79.82
111280.00 108.92 571.43 93.30
111386.12 109.07 563.62 103.70
111492.75 108.18 567.68 110.40
111599.31 109.37 564.81 110.27
111705.81 108.15 564.68 108.23
111815.12 100.46 572.62 86.76
111921.43 102.65 570.87 82.87
112028.06 100.65 561.18 75.02
112134.50 102.41 548.00 86.53
112241.06 100.79 502.43 111.10
112347.56 99.10 419.75 107.42
112453.93 101.09 338.81 112.04
112560.50 99.47 264.43 77.16
112667.06 100.86 205.25 30.04
112776.31 73.19 170.75 97.00
112882.81 75.30 150.43 100.60
112991.87 61.98 148.00 85.38
113098.37 64.08 166.00 86.39
113204.75 62.58 211.18 107.59
113311.50 58.81 252.56 104.14
113417.81 61.87 319.12 65.52
113524.25 59.99 398.31 66.75
113631.06 60.72 483.50 102.76
113739.87 24.46 571.25 105.96
113846.68 23.37 658.25 104.51
113952.93 25.71 738.43 113.70
114059.43 19.49 814.18 93.74
114166.06 27.85 878.68 53.48
114272.56 32.22 926.56 58.58
114379.12 28.45 961.50 96.04
114485.31 30.61 974.75 112.35
114594.62 23.85 967.50 108.88
114706.25 82.34 948.25 103.45
114812.75 80.32 909.75 93.37
114919.31 82.54 850.75 45.98
115025.62 80.17 782.87 67.85
115132.12 81.85 712.56 97.61
115238.62 83.71 632.12 115.13
115347.81 94.51 544.93 98.57
115454.37 96.48 466.62 101.83
115563.18 92.36 389.81 112.18
115675.25 110.22 320.87 96.22
115781.43 112.34 270.12 38.25
115887.93 111.17 230.50 57.79
115994.50 112.15 195.37 95.54
116100.87 111.44 201.06 94.19
116207.62 109.13 211.06 90.89
116316.68 101.09 238.93 73.36
116423.06 100.29 279.93 32.10
116529.62 101.57 337.00 69.02
116638.75 79.81 401.31 97.64
116745.43 80.61 465.93 111.53
116851.75 79.51 545.56 97.39
116958.43 80.67 623.56 91.05
117064.75 79.41 698.56 105.93
117171.12 78.34 766.25 108.40
117278.00 78.32 823.06 88.01
117384.18 77.56 877.18 21.00
117490.81 79.53 900.81 37.96
117602.37 24.11 915.12 69.54
117711.37 24.29 922.37 59.55
117818.00 31.98 908.18 35.44
117924.56 26.71 875.37 47.81
118031.06 32.55 832.43 81.16
118137.25 34.30 777.62 107.83
118244.00 31.88 715.75 104.93
118350.50 36.65 647.18 96.12
118456.87 30.45 569.31 92.06
118568.56 79.72 501.56 95.41
118677.68 90.14 431.68 109.76
118784.06 91.21 367.93 103.87
118890.56 89.77 326.87 83.82
118997.00 91.01 283.37 55.60
119103.50 92.86 257.81 30.90
119209.93 91.03 245.43 12.49
119316.68 93.54 249.37 40.68
119423.00 91.39 269.12 72.08
119532.12 108.23 301.37 96.44
119641.37 115.83 347.12 115.29
119747.75 115.14 398.18 105.23
119856.87 107.71 464.81 86.48
119963.12 106.97 531.06 81.20
120069.68 105.51 598.18 83.59
120176.25 106.59 661.25 94.83
120282.81 105.07 722.50 109.44
120389.31 106.32 774.75 110.35
120498.31 89.89 823.87 75.81
120605.06 91.09 852.81 72.49
120711.50 89.62 874.43 60.42
120818.00 91.51 876.87 70.09
120924.50 89.58 870.06 81.68
121031.00 88.09 848.00 98.60
121137.50 89.66 816.62 114.45
121243.93 87.90 770.37 100.05
121350.50 89.69 715.06 91.64
121459.62 70.18 659.87 75.55
121566.18 72.58 598.00 79.41
121672.87 69.43 535.50 85.41
121779.18 72.30 468.62 99.91
121885.68 70.40 415.87 114.05
121992.18 67.84 372.18 105.89
122098.68 70.41 333.93 94.82
122205.25 67.51 309.87 92.42
122311.81 69.19 295.18 85.43
122421.00 43.71 287.18 106.08
122527.43 47.80 303.37 110.26
122633.87 45.27 319.06 109.92
122740.56 47.11 357.93 93.18
122847.06 44.11 405.75 80.91
122953.62 39.38 453.75 74.01
123060.00 43.84 507.31 68.38
123166.37 41.63 569.75 76.48
123273.06 43.27 626.75 83.11
123382.12 26.85 686.62 94.90
123488.68 22.04 731.62 111.59
123595.06 26.42 774.50 111.47
123701.62 19.02 804.56 107.92
123808.31 29.09 824.87 106.33
123914.68 32.17 842.06 107.35
124021.31 29.18 837.12 115.72
124127.56 31.91 821.81 105.94
124234.25 28.48 789.06 96.06
124345.87 66.46 762.25 82.46
124452.31 63.24 717.25 69.00
124558.87 66.14 666.43 66.51
124665.62 64.54 617.25 69.92
124772.12 67.26 561.06 73.73
124878.37 68.53 502.31 87.63
124985.00 66.55 454.31 97.53
125091.43 68.90 409.68 106.17
125197.87 65.89 376.25 113.35
125309.62 87.84 350.25 113.73
125416.00 85.73 329.00 112.37
125522.50 87.13 327.75 106.10
125629.12 85.94 332.81 97.48
125735.56 87.18 348.43 94.74
125842.12 89.47 377.68 90.82
125948.43 86.94 418.43 87.10
126055.00 88.95 461.93 78.89
126161.50 87.32 509.25 71.18
126273.00 102.22 565.31 71.51
126379.50 101.00 617.81 60.80
126485.75 101.90 671.68 53.29
126592.56 100.99 721.50 51.62
126699.00 102.40 756.50 48.36
126805.50 103.68 787.00 46.88
126912.06 102.67 808.87 51.26
127021.00 111.53 814.75 51.93
127127.50 110.26 815.81 54.62
127236.62 112.98 806.31 64.25
127343.31 113.87 786.12 61.99
127449.62 112.88 750.43 65.21
127556.18 114.57 710.37 59.85
127662.93 112.26 666.00 57.29
127769.31 111.36 620.06 63.39
127875.93 112.31 569.18 60.72
127982.25 111.27 516.50 61.24
128088.81 112.68 471.81 59.51
128197.87 104.95 434.75 69.76
128304.50 105.97 395.43 59.68
128411.00 104.43 371.37 64.18
128517.37 106.23 350.68 69.08
128624.00 104.76 351.68 66.84
128733.31 98.51 355.93 68.68
128839.87 99.99 363.87 66.82
128946.37 98.33 395.00 68.58
129052.68 100.50 422.00 70.08
129161.81 92.75 462.75 60.27
129268.50 93.71 500.18 57.16
129375.00 92.02 548.43 61.65
129481.43 93.82 597.25 60.26
129588.06 91.84 637.37 59.05
129697.43 86.01 686.81 54.79
129803.87 88.13 721.56 47.55
129910.37 86.41 749.18 45.02
130016.87 88.13 768.62 50.62
130125.87 80.82 785.75 44.34
130232.50 82.28 782.37 51.25
130339.00 79.94 778.50 53.02
130445.50 82.17 761.93 53.79
130552.06 79.94 742.06 50.60
130661.50 75.12 716.50 43.18
130768.18 76.39 684.31 34.98
130874.43 75.17 675.25 22.90
130981.12 76.90 665.87 14.60
131090.12 69.11 657.12 15.31
131196.62 71.55 647.31 21.84
131303.25 68.57 642.68 15.56
131409.75 70.55 639.56 12.19
131516.25 68.50 637.25 11.56
131622.75 66.28 636.93 13.99
131729.31 68.64 633.56 15.54
131835.87 65.49 631.50 13.95
131942.31 68.41 625.81 12.40
132051.50 60.67 621.93 16.20
132157.87 63.76 622.25 9.01
132264.50 60.65 619.68 7.84
132371.06 62.71 619.18 10.87
132477.37 61.10 616.93 7.85
132584.12 57.33 617.50 11.35
132690.50 60.66 612.68 8.38
132797.00 58.41 616.18 11.40
132903.62 59.85 613.06 6.36
133012.68 53.70 613.68 7.19
133119.25 56.27 610.87 7.69
133225.56 54.41 604.31 16.98
133332.43 55.05 607.43 7.16
133438.68 53.28 610.93 11.07
133545.18 50.24 609.93 15.92
133651.87 52.64 611.87 16.48
133758.37 49.39 605.68 8.50
133864.93 52.21 607.06 9.24
133973.93 47.29 603.31 10.40
134080.37 51.49 613.75 21.07
134186.81 48.19 605.00 14.50
134293.50 50.68 605.06 5.73
134400.00 46.70 604.31 5.83
134506.18 45.17 604.81 7.40
134613.06 47.28 598.81 15.86
134719.56 42.84 603.25 5.06
134826.06 46.65 604.81 9.57
134935.18 42.61 604.56 9.03
135041.50 47.76 598.06 10.35
135150.56 5.36 604.12 9.47
135257.12 16.91 601.00 12.13
135363.68 9.88 594.75 13.82
135470.06 19.52 600.87 4.71
135576.62 2.73 602.75 6.35
135683.31 22.18 595.75 11.06
135789.62 6.29 597.18 11.69
135898.87 16.57 597.62 11.14
136005.37 6.37 598.25 4.58
136111.75 13.95 598.50 11.19
136218.25 12.60 599.43 9.35
136327.37 51.87 597.31 4.55
136433.81 54.63 594.75 8.95
136540.31 51.50 592.56 13.92
136646.81 53.76 597.25 15.31
136755.93 66.53 591.50 9.63
136864.93 65.68 597.00 6.26
136971.62 64.02 600.06 14.89
137078.00 66.45 589.87 11.02
137184.43 63.31 594.25 4.41
137293.50 81.14 595.56 7.44
137399.87 83.08 594.68 15.56
137506.43 80.91 595.56 9.75
137612.93 82.85 595.68 7.64
137722.00 90.32 595.62 6.29
137831.06 89.21 595.12 14.60
137937.50 86.94 600.12 12.07
138044.06 89.15 597.93 6.84
138150.50 87.12 593.93 7.51
138257.06 89.09 595.62 4.40
138363.68 91.87 597.31 10.52
138470.06 89.27 595.87 6.29
138576.75 91.43 598.93 9.68
138685.68 97.27 595.87 15.07
138794.62 94.53 589.00 13.40
138901.12 92.98 595.75 4.56
139007.56 94.40 600.06 7.75
139114.12 92.95 598.75 8.29
139220.56 94.50 598.18 8.05
139327.18 96.77 591.31 13.17
139433.62 95.07 597.68 5.89
139540.00 96.19 593.87 12.39
139649.62 95.91 591.81 12.05
139761.31 103.95 596.50 7.33
139867.93 102.53 596.06 7.86
139976.75 113.16 600.06 20.08
140083.25 111.69 595.93 12.00
140189.68 113.01 593.81 5.78
140296.37 115.16 596.81 7.14
140402.81 113.40 593.37 12.88
140509.25 115.02 592.37 5.49
140618.75 112.98 591.00 10.54
140730.68 112.40 594.12 3.92
140837.18 113.94 586.18 20.04
140943.68 112.39 596.43 9.23
141050.18 113.82 596.43 11.29
141156.62 112.42 594.31 3.85
141263.06 111.11 594.12 9.15
141369.68 112.18 594.06 3.60
141476.18 110.57 593.50 6.36
141585.75 113.38 590.43 9.53
141698.00 108.00 592.31 5.03
141804.37 109.99 591.37 8.25
141910.93 108.34 593.87 4.83
142017.43 109.65 592.87 4.57
142123.87 108.03 594.81 7.12
142230.25 107.03 592.75 17.40
142336.87 108.17 592.50 5.95
142443.37 106.40 597.31 7.29
142549.93 108.04 594.00 7.32
142662.06 100.69 590.43 19.05
142768.50 102.80 597.00 5.22
142874.93 101.07 591.18 9.27
142981.50 102.83 598.43 7.86
143087.87 101.32 594.87 10.79
143194.31 99.63 595.87 4.86
143301.00 100.85 593.62 9.91
143407.56 98.56 596.31 5.79
143514.00 101.06 593.50 8.46
143625.87 96.26 594.81 4.27
143735.37 83.88 594.81 7.34
143841.68 82.18 585.68 28.66
143948.31 83.44 579.43 54.85
144054.68 82.11 577.56 76.85
144161.12 79.97 573.81 98.16
144267.68 82.21 570.87 111.94
144374.18 79.61 561.93 110.73
144480.81 80.95 563.31 110.11
144592.81 77.36 561.56 106.15
144702.31 62.41 562.00 114.45
144808.75 60.23 568.56 101.18
144915.18 63.19 566.37 87.09
145021.68 59.95 577.25 62.18
145128.12 57.31 582.43 42.43
145234.62 60.15 589.75 16.92
145341.25 56.61 600.06 12.61
145447.75 59.09 601.62 36.85
145557.00 71.32 604.37 63.26
145666.56 56.59 613.31 81.06
145773.00 53.55 617.12 95.20
145879.37 57.94 616.68 104.55
145988.50 27.80 621.06 107.55
146097.50 40.11 620.31 104.27
146203.93 35.41 616.37 100.78
146310.50 41.02 619.93 87.47
146417.00 36.35 615.43 77.80
146526.31 17.53 606.87 48.54
146632.81 27.23 595.68 29.12
146739.31 19.32 590.18 7.37
146845.75 27.70 587.00 20.29
146952.18 21.06 584.18 43.15
147061.12 42.28 566.75 66.05
147167.62 37.24 577.00 82.85
147273.93 40.68 570.50 95.39
147380.56 37.24 567.37 100.65
147489.62 24.62 569.37 110.76
147596.37 28.90 573.25 110.93
147702.87 22.96 573.12 103.88
147809.31 30.48 567.31 90.91
147915.93 22.06 577.68 78.59
148024.50 36.62 573.87 61.09
148131.00 31.39 585.43 40.25
148237.31 34.54 588.56 21.30
148344.06 32.25 598.12 9.24
148455.75 39.75 602.93 32.78
148562.25 34.29 607.68 51.14
148668.87 40.06 609.93 67.45
148775.25 33.82 614.93 79.16
148881.68 38.45 618.37 86.99
148988.31 44.02 614.81 92.83
149094.75 39.13 616.31 92.17
149201.12 42.94 608.37 91.47
149307.62 38.27 603.50 96.07
149417.00 25.61 588.12 94.34
149523.56 32.03 562.68 108.79
149630.00 26.36 498.62 104.28
149736.68 31.50 421.50 100.20
149842.93 27.69 328.43 115.44
149949.56 16.89 252.68 100.04
150055.93 27.80 180.68 79.53
150162.50 17.74 135.25 58.04
150268.93 28.10 106.87 46.54
150378.12 56.64 104.31 50.83
150484.68 59.14 114.50 65.93
150591.25 55.96 157.12 90.42
150697.87 58.68 213.87 107.03
150804.31 56.02 278.87 109.04
150910.75 52.79 365.25 98.86
151017.31 55.80 457.56 93.01
151123.62 53.58 553.68 93.70
151230.18 56.35 651.25 106.56
151339.37 76.67 743.25 110.96
151445.93 78.50 828.56 97.96
151552.50 76.09 905.75 79.12
151659.06 78.19 954.37 62.51
151765.56 75.64 993.37 44.97
151871.87 74.15 1008.75 43.64
151978.50 75.99 1005.18 51.97
152085.00 73.52 987.75 72.22
152191.37 76.50 948.68 89.27
152300.43 93.94 888.37 104.30
152409.75 82.72 813.68 115.39
152516.31 79.95 733.87 97.35
152622.81 82.54 647.62 107.08
152731.93 74.63 554.18 106.88
152838.31 72.87 468.68 115.62
152944.87 74.75 386.68 94.73
153051.31 72.43 308.06 82.57
153157.68 75.67 247.56 65.97
153266.81 94.06 205.50 51.02
153376.12 83.75 175.37 32.40
153482.56 81.66 164.81 38.99
153589.31 83.08 177.37 54.63
153698.31 76.65 203.75 75.53
153804.68 74.76 245.18 93.76
153911.12 77.59 304.18 106.54
154017.62 74.94 375.81 115.84
154124.12 77.41 454.62 111.52
154233.18 96.56 536.06 111.13
154342.43 88.15 623.50 111.53
154449.00 85.44 701.62 104.79
154555.56 87.58 785.68 96.73
154662.25 84.86 842.62 74.91
154768.62 82.94 896.12 54.87
154875.00 85.74 930.75 38.61
154981.62 82.73 948.93 36.38
155088.06 85.42 949.75 41.13
155197.25 103.54 933.62 58.33
155303.68 105.64 903.87 76.28
155410.31 103.13 859.31 91.66
155516.75 104.97 800.12 99.30
155623.37 103.19 731.93 112.05
155729.93 101.03 655.75 113.49
155836.43 102.96 577.68 110.84
155942.81 101.46 499.25 105.14
156049.37 103.18 428.06 94.22
156158.31 111.27 358.37 78.07
156264.87 109.71 311.43 60.27
156371.31 111.30 262.12 41.62
156478.06 110.83 236.56 30.08
156584.43 111.74 229.68 36.83
156691.00 113.63 225.62 43.51
156797.50 111.82 241.50 60.29
156904.00 113.55 279.56 76.75
157010.62 112.21 324.75 93.21
157119.62 92.99 387.06 104.15
157226.06 90.74 452.75 104.91
157332.62 93.29 515.56 110.34
157439.18 91.36 594.06 97.31
157545.75 93.84 666.87 95.90
157652.31 95.76 731.56 85.83
157758.87 93.96 792.56 68.48
157865.25 95.51 836.06 53.63
157971.81 93.83 872.56 35.87
158080.87 68.29 898.56 26.99
158187.43 65.81 897.87 33.47
158293.87 68.50 897.93 51.55
158400.50 66.32 869.25 65.53
158507.00 69.57 833.37 78.60
158613.50 72.06 781.43 92.43
158720.18 69.95 728.68 96.77
158826.62 72.42 666.06 99.64
158932.93 68.54 596.68 100.28
159042.12 22.57 525.87 97.51
159148.62 8.18 461.93 83.81
159255.12 22.16 403.93 71.41
159361.68 10.79 348.25 55.81
159468.12 22.75 313.56 47.97
159574.81 31.75 283.87 34.34
159681.43 26.82 267.18 27.34
159787.81 32.13 268.06 37.16
159894.25 23.80 279.31 54.76
160006.00 39.99 309.00 69.67
160112.31 46.40 343.81 82.22
160218.87 41.11 394.31 90.41
160325.43 44.89 448.93 94.88
160431.93 39.77 511.12 97.01
160540.87 42.86 575.00 91.86
160647.62 39.40 635.06 87.82
160754.06 43.66 699.00 76.39
160860.56 39.26 750.18 62.19
160969.68 55.92 799.87 44.99
161076.18 59.42 829.06 37.35
161182.56 56.90 850.25 24.02
161289.12 59.82 858.62 32.96
161398.50 8.63 853.81 41.73
161504.81 12.80 841.87 54.19
161611.50 9.93 812.56 69.49
161718.00 16.00 771.62 75.25
161824.56 10.33 727.18 81.24
161933.68 70.39 680.87 73.73
162040.25 72.74 618.37 81.69
162146.56 70.69 563.50 81.86
162253.06 73.50 507.68 80.66
162362.37 47.04 452.31 79.07
162469.00 40.18 407.18 77.68
162575.50 45.57 368.31 76.34
162682.12 39.40 341.31 77.10
162788.43 46.70 326.31 85.29
162897.50 85.05 318.56 73.83
163004.18 86.39 324.56 82.72
163110.50 84.96 345.81 86.08
163217.12 86.30 371.12 83.55
163326.43 67.26 413.31 84.02
163433.06 62.98 456.25 83.88
163539.43 66.55 501.68 84.82
163648.68 62.15 558.00 82.22
163757.81 44.89 604.37 64.14
163866.62 86.75 663.75 67.87
163973.25 88.29 708.81 60.35
164079.68 85.83 750.62 56.71
164186.18 88.60 781.87 56.54
164292.81 85.26 802.06 53.81
164399.18 83.81 814.87 56.78
164505.93 84.51 816.31 59.99
164614.68 83.88 798.31 62.71
164723.87 73.47 776.06 74.57
164832.87 103.99 750.43 74.84
164939.37 106.22 714.06 78.03
165046.00 103.43 676.12 85.35
165152.37 106.15 621.93 74.26
165258.87 104.02 574.81 76.86
165365.25 102.26 521.62 73.29
165471.81 104.23 482.18 72.07
165578.50 101.31 440.31 65.31
165684.93 104.08 405.93 66.80
165794.12 102.66 378.87 61.77
165900.50 100.05 361.18 62.18
166007.12 102.71 351.62 68.38
166113.62 100.87 349.87 71.85
166219.93 101.87 370.43 73.58
166326.56 104.60 393.68 74.05
166432.93 102.30 420.12 79.31
166542.12 113.07 459.25 77.37
166651.31 103.95 500.25 74.18
166760.31 100.54 547.93 71.23
166866.87 98.78 597.37 68.43
166973.31 100.56 638.87 58.82
167079.81 98.60 677.12 56.53
167186.18 100.43 715.56 53.10
167292.68 102.35 743.31 50.36
167399.31 100.94 763.25 45.37
167505.81 102.98 778.00 47.99
167614.87 110.53 781.68 48.59
167726.50 92.23 772.93 54.69
167833.00 89.84 759.18 52.67
167939.50 92.41 741.81 51.07
168046.06 90.26 720.50 46.21
168152.31 91.42 688.06 36.16
168258.93 94.64 670.43 26.72
168368.06 102.36 660.68 23.31
168474.68 105.33 658.18 18.75
168581.18 102.78 649.37 20.14
168692.93 81.38 640.87 20.15
168799.37 78.31 642.25 17.02
168905.68 80.08 633.81 13.93
169012.25 78.06 633.06 12.91
169118.68 80.24 634.75 17.39
169225.18 82.90 630.68 13.76
169331.87 81.31 623.81 10.57
169438.25 83.17 624.93 10.30
169544.81 81.54 626.00 13.89
169653.93 15.96 618.81 15.22
169760.68 7.33 621.43 14.39
169867.00 16.31 615.18 11.76
169973.62 5.18 618.81 15.38
170080.12 20.04 610.25 11.75
170186.43 26.19 617.62 12.39
170293.12 21.85 614.06 7.27
170399.43 26.38 610.31 13.19
170506.18 23.47 608.56 9.42
170615.31 77.72 610.50 6.37
170721.87 80.25 611.18 10.90
170828.31 77.52 605.06 11.31
170934.75 80.87 607.75 5.48
171041.31 77.57 606.93 7.76
171147.81 74.81 604.50 10.81
171254.12 78.58 604.56 5.65
171360.68 75.03 600.87 9.98
171467.25 77.70 605.62 10.83
171576.50 112.47 601.37 9.87
171683.06 114.32 601.06 5.35
171789.62 112.23 600.18 5.67
171896.00 114.80 601.62 5.02
172002.43 112.93 600.93 6.14
172108.93 110.77 601.75 8.30
172215.37 113.09 603.87 10.16
172322.00 110.55 601.06 9.22
172428.43 112.82 600.93 4.28
172537.62 85.57 603.25 10.62
172644.25 83.57 600.93 3.90
172750.68 85.34 598.50 8.87
172857.31 83.49 597.87 5.99
172963.62 85.00 600.81 7.70
173070.25 88.33 599.62 11.20
173176.68 86.00 599.25 9.05
173283.25 88.53 597.00 10.83
173389.68 85.70 597.18 4.93
173501.50 47.77 598.75 5.46
173608.12 43.76 600.18 9.76
173714.68 48.49 601.75 11.99
173821.18 43.87 602.93 10.83
173927.50 47.18 597.37 4.54
174033.93 50.89 598.56 7.34
174140.62 48.45 599.93 7.32
174247.00 51.60 596.12 5.00
174353.62 48.48 596.06 6.36
174462.62 70.68 599.12 16.02
174569.31 72.94 601.62 11.50
174675.93 68.96 597.06 8.24
174782.31 73.28 597.81 4.10
174888.87 69.83 599.37 15.70
174995.25 67.13 598.00 6.74
175101.75 70.25 590.37 15.16
175208.18 67.44 596.43 5.59
175314.87 69.40 594.06 24.00
175423.93 111.25 600.81 9.80
175530.43 112.63 593.93 8.20
175637.06 110.74 595.81 12.05
175743.62 112.49 594.18 5.36
175850.06 110.88 594.18 5.83
175956.56 108.83 595.87 5.39
176063.12 110.50 596.18 12.76
176169.43 109.24 593.43 4.65
176276.00 110.65 591.81 8.95
176385.06 82.53 594.50 4.12
176491.81 81.52 593.00 18.58
176598.18 82.98 594.50 10.69
176705.06 82.04 595.56 11.96
176811.43 83.80 599.87 13.36
176917.81 86.02 590.87 15.74
177024.31 83.56 592.12 8.89
177130.81 86.17 594.12 8.46
177237.25 83.14 595.18 15.33
177346.43 29.04 596.12 4.00
177453.00 36.02 599.87 15.32
177559.56 26.34 594.00 6.86
177666.06 35.27 598.31 12.02
177775.43 19.25 597.12 8.06
177881.75 25.88 591.93 10.69
177988.25 14.03 595.62 7.62
178094.75 26.74 597.93 13.21
178201.12 12.45 593.00 10.38
178310.50 87.73 596.00 4.15
178416.87 90.87 595.18 6.79
178523.56 87.16 592.62 7.30
178630.12 89.83 591.68 16.68
178739.43 82.07 597.00 17.90
178845.93 79.22 596.62 8.40
178952.18 83.43 601.37 15.23
179061.37 62.09 592.43 8.33
179167.87 65.44 597.75 12.30
179276.75 112.86 593.18 6.61
179383.50 113.74 595.43 10.85
179489.81 112.61 591.68 13.54
179596.62 113.49 595.25 3.80
179706.06 108.38 590.25 10.62
179812.62 106.20 583.75 36.84
179919.00 108.51 580.81 61.98
180027.81 96.08 574.75 82.12
180134.43 97.59 566.18 106.23
180243.37 93.55 565.93 110.71
180350.06 91.90 565.12 105.48
180456.43 94.06 560.87 106.49
180565.56 108.12 566.12 110.42
180672.18 110.40 566.56 111.86
180778.50 111.73 569.62 96.84
180885.25 110.55 573.68 79.85
180993.75 111.56 575.87 58.33
181100.43 112.61 583.31 33.87
181209.31 73.21 596.37 7.94
181315.87 70.68 599.25 26.08
181422.37 73.61 603.37 51.28
181529.00 71.60 608.43 69.98
181635.75 75.50 611.62 86.69
181742.06 77.65 622.93 97.95
181848.62 74.82 620.37 104.93
181955.06 77.39 621.00 105.61
182061.43 73.70 621.81 109.55
182170.68 56.85 617.62 95.70
182277.12 60.71 611.93 80.84
182383.68 56.54 609.93 63.70
182490.18 60.48 608.56 40.69
182596.75 55.41 602.25 22.24
182703.43 50.78 590.25 10.53
182809.75 56.68 585.18 29.70
182916.43 50.71 585.87 50.73
183022.75 56.40 575.06 78.46
183131.87 110.16 570.87 91.29
183238.43 112.17 567.00 103.03
183344.93 109.88 566.62 109.46
183451.56 111.57 566.18 111.36
183557.93 109.59 566.81 108.51
183664.62 107.27 571.12 103.21
183771.18 109.06 569.62 90.87
183877.50 107.73 574.50 75.29
183984.18 109.16 584.62 47.30
184093.18 75.56 588.25 27.47
184199.62 71.59 594.75 10.10
184306.00 73.97 600.68 25.13
184412.56 71.40 603.50 38.02
184519.18 75.32 604.68 57.77
184625.75 78.20 609.87 73.05
184732.37 75.87 614.18 81.78
184838.56 76.95 616.56 89.80
184945.18 74.97 611.93 88.55
185054.31 61.80 618.75 90.13
185160.81 65.13 615.68 80.95
185267.18 62.56 608.93 74.08
185376.25 40.84 608.12 58.46
185482.75 34.56 602.68 41.12
185589.31 25.64 600.31 22.16
185695.93 32.85 596.06 17.42
185802.50 24.06 589.62 21.27
185911.50 38.50 586.75 31.37
186020.62 89.95 575.37 55.52
186127.12 92.38 577.25 79.08
186233.56 89.96 572.50 87.63
186342.68 77.53 574.87 96.22
186449.00 75.15 570.93 95.91
186555.56 71.72 569.87 94.22
186662.18 74.62 560.31 95.29
186768.75 70.78 547.62 101.33
186875.31 73.96 538.43 114.00
186984.31 107.28 503.93 109.47
187090.75 104.69 438.50 94.99
187197.12 106.52 360.18 86.19
187303.75 105.08 289.00 89.94
187410.31 107.42 225.50 67.88
187516.81 109.86 184.18 22.69
187623.62 108.32 158.93 67.71
187730.12 110.49 152.75 99.34
187836.75 108.89 155.37 103.61
187945.68 41.39 192.06 89.83
188052.12 34.69 242.93 106.83
188158.68 41.78 302.50 115.75
188265.25 36.80 376.81 95.45
188371.75 42.75 458.12 72.33
188478.12 46.87 541.81 22.93
188584.75 43.79 629.50 79.90
188694.18 52.10 722.12 98.94
188803.31 68.67 785.75 99.12
188912.43 74.07 856.18 87.88
189018.93 77.14 905.00 63.62
189125.31 74.02 942.12 23.35
189231.87 77.41 959.31 66.94
189338.31 74.14 960.00 90.16
189444.81 71.29 944.50 104.84
189551.43 73.12 913.12 112.31
189660.87 68.84 856.50 109.25
189770.18 53.90 798.06 85.27
189879.31 114.49 734.06 70.43
189985.87 114.97 649.43 38.02
190092.18 115.27 570.43 68.47
190198.75 114.85 490.56 85.54
190305.12 115.54 416.75 99.13
190411.68 112.74 346.93 99.25
190518.31 114.60 292.93 88.89
190627.87 112.32 253.56 72.16
190737.56 103.53 224.12 54.10
190846.56 74.70 219.00 73.65
190953.06 71.12 219.43 80.36
191059.50 73.93 241.25 90.50
191166.06 71.94 280.50 85.54
191272.37 73.42 327.18 74.75
191379.00 77.84 383.93 60.95
191485.37 73.89 456.93 22.53
191592.06 77.79 530.75 71.87
191701.56 92.31 608.37 90.91
191810.62 47.98 674.75 95.89
191917.00 53.51 739.37 103.04
192023.50 49.22 794.43 92.43
192129.87 55.14 850.12 85.32
192236.50 47.75 876.18 71.61
192342.93 44.22 901.25 34.85
192449.50 47.84 907.62 50.63
192556.12 42.42 896.75 53.21
192665.56 18.47 871.81 58.53
192777.50 88.25 836.25 16.12
192883.87 91.66 784.43 43.63
192990.37 88.52 724.93 58.97
193096.81 91.94 656.87 83.30
193205.93 64.30 584.06 90.33
193312.43 60.93 522.25 106.64
193418.87 65.17 453.06 108.62
193525.43 60.10 396.56 108.59
193635.06 40.27 334.81 100.34
193747.06 99.93 299.43 96.62
193853.56 102.66 275.81 73.74
193959.87 101.22 260.75 59.92
194066.50 102.42 263.62 49.59
194175.56 80.93 278.31 16.12
194281.93 78.35 306.68 49.38
194388.56 80.69 347.75 61.98
194495.00 77.97 393.62 68.40
194601.87 78.66 452.68 98.64
194713.93 108.83 521.43 101.48
194820.31 106.15 583.12 107.70
194926.87 108.61 646.87 108.62
195033.43 106.77 706.81 111.21
195142.56 107.56 762.93 108.91
195251.50 91.16 807.18 100.27
195358.06 93.15 835.81 94.28
195464.62 90.22 851.93 84.08
195571.37 91.62 871.56 115.06
195680.50 84.06 859.87 65.55
195786.93 80.46 840.18 74.55
195893.43 84.08 808.31 86.31
195999.93 80.65 766.81 89.18
196106.43 83.98 718.75 101.43
196212.87 86.29 664.68 108.41
196319.25 82.60 602.56 114.76
196425.81 86.62 540.25 113.91
196532.31 83.28 483.62 103.41
196641.75 65.22 434.75 112.24
196748.31 69.31 385.31 113.92
196854.68 66.34 349.18 105.85
196961.18 70.24 322.81 99.99
197067.62 66.89 302.75 94.56
197174.12 62.55 301.81 96.30
197280.56 67.27 312.87 95.10
197387.12 62.57 333.68 91.20
197493.62 66.62 365.50 100.59
197602.87 103.78 407.31 105.70
197709.62 102.61 453.62 112.09
197815.93 103.94 513.37 114.22
197922.56 102.38 572.00 108.75
198028.87 103.57 626.25 98.27
198135.31 105.75 683.68 90.85
198241.81 103.86 735.06 75.68
198348.25 105.61 774.37 71.77
198454.87 104.16 810.00 60.41
198564.18 31.89 831.81 69.52
198670.81 36.41 850.12 65.63
198777.25 31.19 842.06 69.73
198883.62 39.86 829.93 75.22
198990.12 31.96 805.62 87.10
199096.62 23.54 770.62 94.33
199203.25 29.62 723.81 99.34
199309.50 26.27 677.18 99.80
199416.06 32.47 620.93 102.18
199525.06 115.29 567.50 98.81
199634.37 100.14 511.56 91.71
199741.00 96.87 460.56 86.85
199847.31 100.82 418.37 82.81
199953.81 97.90 376.00 77.29
200060.31 95.24 351.31 72.03
200166.75 98.31 335.56 74.47
200273.25 95.47 323.06 76.78
200379.75 98.27 330.31 87.00
200491.37 86.26 346.93 81.77
200600.43 101.45 373.25 90.99
200706.93 103.87 409.93 95.00
200813.37 101.37 455.87 95.23
200919.87 103.68 503.62 93.59
201026.37 106.27 548.31 91.21
201132.87 103.75 603.62 85.80
201239.18 105.27 653.75 81.24
201345.75 103.49 702.00 73.73
201454.93 41.94 737.18 66.30
201563.87 29.79 767.06 57.76
201670.25 34.33 794.37 56.19
201779.43 43.52 804.62 56.93
201885.81 47.35 806.68 61.99
201992.18 51.11 796.56 70.98
202098.93 49.62 781.00 76.55
202205.18 51.77 749.12 82.89
202311.81 48.21 712.50 82.29
202420.75 102.60 671.00 84.97
202527.31 104.88 626.81 88.06
202634.12 100.87 576.43 85.58
202743.12 99.31 529.62 90.20
202849.68 96.05 487.68 78.66
202955.93 94.89 446.18 68.03
203062.37 97.98 410.37 66.43
203168.93 94.45 390.43 61.91
203275.37 97.82 363.56 65.54
203384.56 67.31 353.50 62.32
203491.06 63.61 360.62 71.83
203597.68 67.81 373.12 75.35
203704.43 65.73 390.12 80.66
203810.81 68.37 421.68 85.62
203917.25 72.09 460.31 83.12
204023.56 66.78 505.62 82.84
204130.25 72.24 537.56 86.92
204236.68 67.94 585.50 80.72
204345.62 93.14 632.93 72.21
204452.37 93.92 671.00 69.91
204558.75 91.87 707.56 58.38
204665.81 91.88 735.75 53.05
204772.06 90.77 759.00 52.58
204878.43 88.84 766.68 56.60
204985.00 90.75 773.25 55.07
205091.43 88.53 771.37 60.78
205198.12 89.92 765.18 57.39
205307.00 72.08 748.56 60.96
205413.43 67.64 726.18 49.65
205520.06 73.20 698.93 41.93
205626.68 69.44 677.93 28.69
205733.43 75.07 665.06 26.45
205839.68 76.61 656.62 19.89
205946.31 74.11 650.81 17.13
206052.68 76.56 644.68 16.07
206159.18 73.08 638.75 15.20
206268.37 89.33 637.06 13.18
206374.75 93.02 631.50 13.38
206481.37 89.20 629.81 12.42
206587.93 91.90 628.75 13.49
206694.62 88.41 625.12 12.26
206801.00 85.91 622.56 9.38
206907.50 89.27 622.00 13.35
207014.06 85.47 621.06 8.45
207120.50 88.87 616.31 11.34
207229.62 72.38 611.62 13.32
207336.00 68.32 612.62 12.37
207442.50 71.58 616.81 8.65
207549.18 70.06 612.25 9.74
207655.81 74.14 613.06 12.01
207762.37 77.63 610.93 7.47
207868.75 73.16 608.12 7.36
207975.18 76.09 612.25 9.11
208081.81 74.10 607.37 6.48
208190.75 92.98 606.87 7.10
208297.43 94.39 610.06 9.05
208403.68 93.13 604.68 10.14
208513.00 71.13 607.93 11.02
208619.68 66.35 607.00 7.94
208726.31 61.61 606.37 8.74
208832.81 65.21 604.31 6.76
208939.06 63.41 607.31 10.88
209045.56 67.52 605.37 5.55
209157.31 108.59 598.06 20.83
209263.75 105.43 601.87 5.58
209370.37 108.92 605.43 7.59
209479.62 107.86 600.93 6.34
209586.06 105.77 602.68 7.80
209692.81 102.34 603.56 10.45
209799.25 105.37 601.31 3.31
209905.68 102.80 600.06 3.63
210012.18 105.59 600.31 8.89
210121.31 38.73 602.93 10.60
210227.81 31.51 600.56 12.87
210334.12 35.83 602.00 9.76
210446.31 89.13 601.06 4.32
210552.75 91.44 598.12 9.96
210662.18 109.43 595.68 6.44
210768.75 107.12 595.93 6.54
210875.06 108.59 595.81 4.11
210981.68 106.73 599.81 6.82
211090.75 55.37 596.62 4.69
211197.31 58.90 595.68 11.49
211303.62 56.01 598.87 9.19
211412.93 24.67 593.68 7.74
211519.56 12.46 598.43 11.92
211628.81 57.29 595.93 3.36
211735.50 54.83 599.75 12.09
211841.93 58.41 597.06 4.93
211948.37 53.49 598.18 8.54
212057.43 108.56 596.93 17.96
212163.87 111.31 595.37 3.95
212270.43 108.17 600.50 15.12
212379.87 96.42 598.18 11.45
212486.43 93.04 596.25 11.75
212592.87 90.08 588.43 15.50
212702.18 90.09 598.18 10.95
212811.12 72.52 598.25 13.79
212917.50 77.34 596.06 5.17
213026.75 79.68 591.68 7.37
213133.12 75.73 593.37 4.82
213239.56 78.41 596.18 10.69
213346.12 75.72 597.68 7.01
213452.50 77.90 594.25 11.33
213559.18 82.91 596.31 4.93
213668.18 80.63 595.37 9.51
213777.31 96.77 589.18 12.71
213883.75 93.96 596.12 5.76
213992.68 79.79 597.75 4.87
214099.37 81.23 589.75 17.27
214205.75 79.14 589.12 19.06
214312.43 80.87 597.43 5.87
214418.75 78.37 595.31 5.46
214525.06 76.82 591.50 33.02
214631.87 78.01 595.12 6.35
214738.43 74.59 594.06 4.09
214845.00 77.31 596.37 9.18
214953.93 74.62 592.18 13.76
215060.43 70.76 593.56 7.95
215167.00 75.46 596.00 7.33
215273.37 70.36 593.93 8.51
215380.06 76.01 597.12 12.69
215486.37 78.45 593.43 13.62
215593.06 75.77 591.93 9.62
215702.12 93.76 591.06 21.18
215808.50 89.54 586.25 44.07
215917.62 84.97 577.50 65.49
216024.18 87.95 572.12 95.14
216130.68 84.36 561.37 108.25
216237.12 87.60 561.93 110.89
216343.50 85.79 564.68 104.37
216450.12 81.07 563.18 106.24
216556.68 84.37 559.87 113.29
216665.68 65.65 566.31 108.59
216774.87 46.72 571.06 90.77
216883.75 94.33 578.00 74.30
216990.31 91.89 585.37 44.91
217096.68 93.86 590.81 19.67
217203.37 92.59 594.93 6.21
217309.81 95.10 603.50 32.47
217416.25 97.70 607.37 52.08
217522.87 95.78 613.62 71.83
217629.31 97.44 616.75 87.60
217738.62 107.94 620.18 95.44
217847.62 64.81 622.12 109.54
217954.06 68.90 624.06 106.45
218060.50 65.02 620.31 102.01
218166.87 70.55 615.50 91.16
218273.56 64.24 616.31 75.43
218379.93 61.66 610.56 57.89
218486.43 65.29 607.06 36.72
218593.06 59.50 602.93 19.57
218699.56 65.11 593.37 8.43
218808.93 84.06 582.68 40.50
218915.18 78.48 576.43 61.14
219021.81 83.35 573.68 78.42
219128.37 80.09 571.25 94.57
