2 554
145 441
251 330
358 244
466 174
573 121
679 76
785 72
892 78
998 122
1105 171
1211 247
1317 327
1424 424
1575 575
1681 689
1788 775
1894 853
2000 930
2107 946
2213 1022
2320 1033
2426 1024
2578 980
2685 935
2791 863
2898 781
3004 694
3110 602
3217 503
3323 408
3430 325
3584 233
3691 180
3797 149
3904 124
4010 145
4116 177
4223 234
4329 285
4436 361
4543 445
4649 530
4756 613
4862 698
4969 785
5075 852
5181 905
5288 948
5394 968
5502 973
5608 989
5715 930
5821 884
5927 820
6034 751
6140 671
6247 590
6353 513
6459 432
6567 357
6673 300
6780 251
6886 222
6992 205
7099 202
7205 190
7312 258
7418 303
7526 360
7632 439
7738 494
7845 576
7951 649
8058 724
8164 786
8270 830
8377 876
8484 905
8591 924
8697 915
8803 935
8910 856
9016 811
9123 757
9229 691
9335 617
9442 547
9549 480
9656 424
9762 362
9869 317
9975 280
10081 257
10188 257
10294 265
10401 291
10508 323
10614 367
10721 427
10827 484
10934 553
11040 619
11146 676
11253 737
11359 787
11467 824
11573 853
11680 839
11786 868
11892 852
11999 827
12105 771
12212 746
12318 684
12424 631
12532 568
12638 508
12745 452
12851 399
12957 369
13064 334
13170 314
13277 305
13383 289
13491 316
13597 353
13703 387
13810 434
13916 487
14023 536
14129 599
14235 649
14342 701
14448 746
14556 816
14662 803
14769 826
14875 832
14981 827
15088 807
15194 773
15300 739
15407 670
15514 642
15621 592
15727 533
15834 483
15940 441
16046 398
16153 369
16259 346
16366 328
16473 334
16580 348
16686 365
16792 399
16899 428
17005 488
17112 521
17218 569
17324 631
17431 651
17538 710
17645 750
17751 772
17857 794
17964 799
18070 793
18177 782
18283 763
18389 730
18497 697
18603 662
18710 676
18816 664
18923 662
19029 673
19135 648
19242 645
19348 638
19455 633
19562 633
19668 631
19775 626
19881 624
19988 623
20094 622
20200 622
20307 671
20413 614
20521 614
20627 613
20734 611
20840 614
20946 606
21053 606
21159 608
21266 606
21372 604
21480 607
21586 598
21692 613
21799 611
21905 615
22011 613
22118 605
22224 608
22331 587
22437 608
22545 604
22651 601
22757 612
22864 602
22970 604
23077 605
23183 604
23289 598
23396 601
23503 591
23610 600
23716 601
23823 594
23929 591
24035 598
24142 599
24248 598
24354 586
24461 591
24567 597
24674 594
24780 605
24887 591
24993 593
25099 593
25206 578
25312 590
25418 593
25566 593
25672 592
25779 595
25885 588
25991 608
26098 599
26204 580
26311 603
26417 596
26564 599
26670 602
26776 598
26883 595
26989 598
27096 602
27202 599
27308 598
27415 598
27522 599
27629 592
27735 596
27841 597
27948 587
28054 592
28161 593
28267 600
28373 594
28481 591
28587 589
28694 595
28800 595
28907 558
29013 598
29119 588
29226 593
29332 584
29439 590
29546 593
29652 587
29759 591
29865 595
29972 591
30078 553
30184 588
30291 583
30397 604
30505 598
30611 600
30718 601
30824 592
30930 600
31037 599
31143 599
31250 599
31356 592
31462 592
31570 598
31676 598
31783 598
31889 599
31996 593
32102 596
32208 595
32315 593
32421 593
32529 584
32635 587
32741 593
32848 594
32954 612
33061 588
33167 586
33273 593
33380 599
33487 591
33594 592
33700 590
33807 572
33913 584
34019 591
34126 592
34232 588
34339 591
34445 589
34552 590
34659 592
34765 602
34872 600
34978 566
35084 598
35191 598
35297 601
35404 613
35511 592
35618 598
35724 597
35830 592
35937 593
36043 593
36150 595
36256 596
36362 593
36470 596
36576 596
36683 600
36789 596
36895 598
37002 596
37108 592
37215 588
37321 562
37427 452
37535 350
37641 262
37748 183
37854 148
37961 91
38067 76
38173 80
38280 106
38386 165
38494 231
38600 318
38707 423
38813 510
38919 606
39026 709
39132 750
39238 889
39345 959
39451 998
39559 1027
39665 1038
39772 1023
39878 983
39984 934
40091 863
40197 786
40304 675
40410 605
40518 509
40624 416
40730 305
40837 266
40943 210
41050 173
41156 153
41262 149
41369 169
41476 209
41583 263
41689 329
41795 404
41902 488
42008 576
42115 662
42221 743
42327 812
42434 876
42541 921
42648 953
42754 962
42861 962
42967 930
43073 896
43180 843
43286 776
43393 706
43500 644
43606 549
43713 471
43819 394
43926 335
44032 229
44138 235
44245 215
44351 209
44458 222
44565 245
44672 290
44778 367
44884 406
44991 477
45097 550
45204 600
45310 695
45416 761
45524 815
45630 844
45737 896
45843 908
45949 910
46056 904
46162 866
46269 826
46375 769
46483 708
46589 647
46695 574
46802 506
46908 434
47015 376
47121 329
47227 290
47334 267
47440 256
47548 255
47654 314
47761 305
47867 360
47973 410
48080 442
48186 531
48292 598
48399 660
48506 708
48613 774
48719 812
48826 845
48932 870
49038 868
49145 867
49251 838
49358 810
49466 768
49573 712
49679 667
49785 598
49892 535
49998 476
50105 397
50211 378
50317 335
50424 313
50575 297
50681 284
50788 315
50894 345
51000 376
51107 423
51213 476
51320 532
51426 591
51578 668
51685 713
51791 755
51898 786
52004 798
52110 816
52217 835
52323 816
52430 796
52584 746
52691 701
52797 656
52904 577
53010 548
53116 499
53223 453
53329 404
53436 378
53543 356
53649 345
53756 329
53862 344
53969 365
54075 394
54181 407
54288 471
54394 518
54502 544
54608 615
54715 658
54821 704
54927 740
55034 761
55140 782
55247 790
55353 820
55459 783
55567 754
55673 726
55780 690
55886 670
55992 666
56099 661
56205 632
56312 648
56418 642
56526 653
56632 639
56738 641
56845 640
56951 636
57058 636
57164 634
57270 627
57377 625
57484 625
57591 623
57697 622
57803 624
57910 615
58016 616
58123 616
58229 634
58335 615
58442 611
58549 609
58656 576
58762 610
58869 611
58975 612
59081 560
59188 606
59294 605
59401 605
59508 603
59614 599
59721 597
59827 598
59934 602
60040 603
60146 605
60253 600
60359 598
60467 596
60573 599
60680 558
60786 594
60892 607
60999 607
61105 715
61212 605
61318 598
61424 599
61532 653
61638 601
61745 601
61851 602
61957 598
62064 603
62170 602
62277 602
62383 596
62491 596
62597 592
62703 606
62810 594
62916 598
63023 600
63129 589
63235 596
63342 598
63448 594
63556 597
63662 594
63769 595
63875 597
63981 602
64088 597
64194 592
64300 590
64407 617
64514 592
64621 591
64727 601
64834 589
64940 592
65046 589
65153 575
65259 602
65366 600
65473 597
65580 591
65686 598
65792 599
65899 602
66005 548
66112 600
66218 599
66324 597
66431 595
66538 595
66645 592
66751 596
66857 596
66964 597
67070 601
67177 591
67283 595
67389 595
67497 596
67603 593
67710 592
67816 597
67923 591
68029 553
68135 592
68242 589
68348 587
68455 592
68562 590
68668 594
68775 594
68881 622
68988 588
69094 590
69200 590
69307 608
69413 591
69521 589
69627 634
69734 599
69840 597
69946 598
70053 589
70159 601
70266 598
70372 598
70480 601
70586 596
70692 597
70799 595
70905 594
71011 597
71118 596
71224 591
71331 603
71437 598
71545 596
71651 596
71757 592
71864 595
71970 596
72077 593
72183 592
72289 590
72396 592
72503 557
72610 594
72716 594
72823 593
72929 580
73035 594
73142 592
73248 586
73354 585
73461 590
73567 589
73674 588
73780 589
73887 586
73993 595
74099 598
74206 550
74312 597
74418 598
74566 599
74672 509
74779 450
74885 310
74991 217
75098 153
75204 58
75311 75
75417 80
75564 110
75670 162
75776 227
75883 305
75989 400
76096 499
76202 603
76308 704
76415 793
76522 876
76629 966
76735 996
76841 1028
76948 1032
77054 996
77161 991
77267 939
77373 875
77481 795
77587 703
77694 610
77800 515
77907 419
78013 340
78119 264
78226 205
78332 179
78439 157
78546 152
78652 183
78759 199
78865 252
78972 323
79078 397
79184 480
79291 564
79397 654
79505 741
79611 814
79718 875
79824 930
79930 961
80037 971
80143 969
80250 946
80356 920
80462 855
80570 792
80676 720
80783 640
80889 560
80996 474
81102 395
81208 337
81315 280
81421 236
81529 240
81635 197
81741 210
81848 235
81954 262
82061 327
82167 384
82273 454
82380 533
82487 613
82594 684
82700 766
82807 841
82913 866
83019 896
83126 921
83232 921
83339 907
83445 881
83552 826
83659 787
83765 725
83872 657
83978 578
84084 517
84191 450
84297 392
84404 314
84511 296
84618 269
84724 257
84830 280
84937 273
85043 301
85150 344
85256 390
85362 454
85470 515
85576 585
85683 643
85789 709
85895 756
86002 831
86108 837
86215 858
86321 866
86427 862
86535 836
86641 808
86748 770
86854 720
86961 662
87067 607
87173 550
87280 468
87386 430
87494 386
87600 348
87707 341
87813 309
87919 300
88026 308
88132 335
88238 364
88345 401
88451 458
88559 505
88665 565
88772 619
88878 661
88984 722
89091 763
89197 794
89304 806
89410 828
89518 826
89624 818
89730 795
89837 755
89943 714
90050 668
90156 612
90262 562
90369 512
90476 460
90583 418
90689 382
90795 353
90902 331
91008 331
91115 329
91221 352
91327 396
91434 413
91541 461
91648 505
91754 555
91861 603
91967 649
92073 692
92180 730
92286 762
92393 785
92500 774
92606 815
92713 790
92819 770
92926 744
93032 711
93138 674
93245 674
93351 666
93458 663
93565 658
93672 654
93778 678
93884 639
93991 638
94097 634
94204 686
94310 626
94416 627
94524 626
94630 626
94737 619
94843 616
94949 612
95056 616
95162 612
95269 611
95375 614
95483 604
95589 610
95695 627
95802 581
95908 615
96015 610
96121 609
96227 618
96334 608
96440 610
96548 612
96654 604
96761 608
96867 610
96973 606
97080 603
97186 600
97292 603
97399 607
97506 602
97613 599
97719 599
97826 594
97932 602
98038 603
98145 600
98251 600
98358 598
98466 592
98573 597
98679 596
98785 597
98892 598
98998 590
99105 596
99211 591
99317 590
99424 592
99575 591
99681 603
99788 593
99894 592
100000 590
100107 599
100213 602
100320 601
100426 599
100578 580
100685 600
100791 602
100898 599
101004 600
101110 595
101217 596
101323 598
101430 600
101584 597
101691 600
101797 593
101904 592
102010 596
102116 596
102223 596
102329 618
102436 590
102543 594
102649 591
102756 556
102862 592
102969 592
103075 592
103181 589
103288 591
103394 592
103502 631
103608 586
103715 593
103821 592
103927 570
104034 600
104140 590
104247 590
104353 590
104459 602
104567 601
104673 598
104780 605
104886 596
104992 597
105099 598
105205 548
105312 593
105418 598
105526 596
105632 595
105738 599
105845 596
105951 600
106058 597
106164 596
106270 596
106377 570
106484 590
106591 595
106697 591
106803 598
106910 595
107016 590
107123 592
107229 564
107335 589
107442 592
107549 588
107656 609
107762 588
107869 591
107975 590
108081 582
108188 586
108294 589
108401 590
108508 590
108614 587
108721 587
108827 643
108934 602
109040 601
109146 601
109253 604
109359 598
109467 596
109573 595
109680 598
109786 596
109892 594
109999 597
110105 595
110212 597
110318 597
110424 595
110532 592
110638 598
110745 597
110851 597
110957 598
111064 592
111170 597
111277 583
111383 596
111491 594
111597 589
111703 594
111810 589
111916 558
112023 450
112129 329
112235 249
112342 178
112448 122
112556 82
112662 71
112769 75
112875 107
112981 162
113088 250
113194 323
113300 412
113407 520
113514 622
113621 720
113727 817
113834 898
113940 956
114046 1008
114153 1046
114259 1043
114366 1028
114473 989
114580 916
114686 870
114792 788
114899 690
115005 592
115112 502
115218 415
115324 332
115431 249
115538 200
115645 161
115751 145
115857 144
115964 164
116070 205
116177 301
116283 325
116389 400
116497 489
116603 590
116710 664
116816 735
116923 820
117029 874
117135 930
117242 960
117348 966
117455 982
117562 952
117668 912
117775 859
117881 790
117988 705
118094 630
118200 550
118307 470
118413 398
118521 324
118627 265
118734 233
118840 209
118946 201
119053 239
119159 238
119266 279
119372 329
119480 398
119586 471
119692 547
119799 624
119905 637
120011 765
120118 828
120224 864
120331 879
120437 916
120545 915
120651 902
120757 874
120864 824
120970 773
121077 739
121183 642
121289 574
121396 498
121503 403
121610 373
121716 325
121823 297
121929 246
122035 256
122142 261
122248 279
122354 312
122461 352
122567 399
122674 464
122780 513
122887 595
122993 662
123099 714
123206 767
123312 814
123418 845
123566 869
123672 866
123779 855
123885 832
123991 791
124098 740
124204 693
124311 634
124417 573
124564 492
124670 436
124776 360
124883 344
124989 311
125096 298
125202 310
125308 303
125415 321
125522 350
125629 367
125735 439
125841 496
125948 555
126054 602
126161 674
126267 723
126373 762
126481 799
126587 822
126694 830
126800 834
126907 820
127013 799
127119 768
127226 723
127332 679
127439 630
127546 572
127652 529
127759 475
127865 423
127972 390
128078 355
128184 340
128291 335
128397 333
128505 399
128611 377
128718 406
128824 450
128930 530
129037 534
129143 591
129250 638
129356 685
129462 723
129570 750
129676 762
129783 790
129889 792
129996 786
130102 763
130208 742
130315 708
130421 671
130529 748
130635 675
130741 662
130848 659
130954 674
131061 651
131167 646
131273 632
131380 634
131487 635
131594 632
131700 633
131807 626
131913 629
132019 624
132126 622
132232 618
132339 623
132445 613
132552 619
132659 615
132765 611
132872 609
132978 588
133084 610
133191 607
133297 607
133404 515
133511 609
133618 599
133724 605
133830 588
133937 604
134043 604
134150 597
134256 598
134362 597
134470 598
134576 615
134683 602
134789 591
134895 605
135002 610
135108 607
135215 609
135321 602
135427 622
135535 602
135641 600
135748 604
135854 596
135961 601
136067 600
136173 601
136280 599
136386 601
136494 600
136600 598
136707 597
136813 599
136919 597
137026 597
137132 595
137238 596
137345 597
137451 598
137559 598
137665 594
137772 596
137878 554
137984 596
138091 597
138197 591
138304 591
138410 597
138518 594
138624 595
138730 568
138837 594
138943 591
139050 593
139156 590
139262 607
139369 596
139476 601
139583 601
139689 602
139795 600
139902 607
140008 598
140115 597
140221 598
140327 580
140434 596
140541 591
140648 598
140754 622
140861 595
140967 595
141073 592
141180 580
141286 598
141393 593
141500 594
141606 598
141713 592
141819 595
141926 593
142032 594
142138 595
142245 588
142351 556
142458 592
142565 595
142672 592
142778 591
142884 587
142991 590
143097 593
143204 596
143310 589
143416 587
143524 587
143630 596
143737 598
143843 598
143949 594
144056 625
144162 598
144269 597
144375 596
144483 602
144589 596
144695 597
144802 593
144908 598
145015 600
145121 594
145227 553
145334 597
145440 597
145548 597
145654 583
145761 597
145867 591
145973 593
146080 582
146186 597
146292 591
146399 592
146506 592
146613 593
146719 592
146826 592
146932 594
147038 591
147145 593
147251 596
147358 586
147466 586
147573 590
147679 596
147785 592
147892 589
147998 595
148105 597
148211 599
148317 599
148424 599
148575 597
148681 598
148788 598
148894 595
149000 600
149107 592
149213 563
149320 451
149426 338
149578 247
149685 154
149791 109
149898 80
150004 74
150110 91
150217 130
150323 188
150430 252
150584 396
150691 499
150797 603
150904 701
151010 793
151116 876
151223 942
151329 995
151436 1019
151543 1030
151649 1021
151756 991
151862 938
151969 873
152075 787
152181 704
152288 627
152394 522
152502 438
152608 344
152715 272
152821 215
152927 224
153034 151
153140 146
153247 165
153353 199
153459 253
153567 320
153673 397
153780 456
153886 569
153992 657
154099 739
154205 797
154312 873
154418 924
154526 970
154632 972
154738 967
154845 949
154951 898
155058 856
155164 787
155270 712
155377 634
155484 550
155591 473
155697 400
155803 338
155910 274
156016 230
156123 203
156229 228
156335 208
156442 235
156549 276
156656 338
156762 402
156869 471
156975 545
157081 624
157188 691
157294 762
157401 844
157508 867
157614 901
157721 922
157827 898
157934 910
158040 881
158146 838
158253 790
158359 722
158467 650
158573 582
158680 514
158786 444
158892 383
158999 326
159105 283
159212 264
159318 253
159424 256
159532 270
159638 300
159745 341
159851 391
159957 454
160064 512
160170 583
160277 627
160383 709
160491 763
160597 806
160703 836
160810 862
160916 870
161023 874
161129 817
161235 818
161342 778
161448 724
161556 666
161662 610
161769 548
161875 481
161981 431
162088 381
162194 345
162300 291
162407 301
162514 297
162621 311
162727 303
162834 362
162940 404
163046 449
163153 510
163259 565
163366 623
163473 676
163580 716
163686 766
163792 797
163899 819
164005 813
164112 822
164218 812
164324 789
164431 756
164538 712
164645 671
164751 612
164857 560
164964 509
165070 457
165177 432
165283 375
165389 364
165497 382
165603 344
165710 345
165816 356
165923 376
166029 384
166135 461
166242 507
166348 557
166455 599
166562 649
166668 686
166775 729
166881 761
166988 779
167094 789
167200 754
167307 786
167413 771
167521 746
167627 709
167734 673
167840 668
167946 666
168053 640
168159 651
168266 648
168372 644
168480 640
168586 637
168692 635
168799 625
168905 627
169011 624
169118 622
169224 618
169331 620
169437 614
169545 613
169651 626
169757 621
169864 621
169970 620
170077 639
170183 618
170289 617
170396 614
170503 604
170610 614
170716 610
170823 611
170929 668
171035 607
171142 606
171248 608
171354 604
171461 610
171567 602
171674 596
171780 602
171887 602
171993 602
172099 604
172206 594
172312 601
172418 600
172566 592
172672 600
172779 604
172885 596
172991 592
173098 594
173204 599
173311 592
173417 594
173564 593
173670 597
173776 588
173883 594
173989 588
174096 604
174202 557
174308 603
174415 602
174522 602
174629 623
174735 600
174841 602
174948 602
175054 611
175161 594
175267 601
175373 596
175481 597
175587 599
175694 594
175800 614
175907 598
176013 595
176119 597
176226 604
176332 595
176439 596
176546 593
176652 598
176759 594
176865 594
176972 592
177078 583
177184 591
177291 594
177397 591
177505 596
177611 593
177718 591
177824 593
177930 594
178037 590
178143 594
178250 592
178356 593
178462 603
178570 607
178676 568
178783 601
178889 600
178996 599
179102 592
179208 590
179315 597
179421 596
179529 604
179635 600
179741 598
179848 593
179954 596
180061 597
180167 596
180273 594
180380 576
180487 595
180594 594
180700 611
180807 595
180913 592
181019 591
181126 599
181232 595
181339 593
181445 592
181552 589
181659 592
181765 589
181872 591
181978 593
182084 588
182191 590
182297 592
182404 594
182511 591
182618 588
182724 587
182830 602
182937 602
183043 605
183150 602
183256 598
183362 601
183470 596
183576 596
183683 598
183789 593
183895 592
184002 604
184108 597
184215 599
184321 596
184427 555
184535 595
184641 595
184748 596
184854 598
184961 593
185067 595
185173 595
185280 590
185386 594
185494 598
185600 548
185707 593
185813 595
185919 592
186026 623
186132 588
186238 589
186345 590
186451 591
186559 506
186665 400
186772 296
186878 217
186984 147
187091 110
187197 81
187304 62
187410 97
187518 140
187624 194
187730 273
187837 362
187943 459
188050 563
188156 665
188262 761
188369 846
188476 921
188583 984
188689 1019
188795 1037
188902 1036
189008 1009
189115 966
189221 906
189327 821
189434 749
189541 649
189648 552
189754 400
189861 376
189967 296
190073 233
190180 180
190286 148
190393 140
190500 111
190606 180
190713 219
190819 282
190926 356
191032 437
191138 526
191245 612
191351 685
191458 797
191565 854
191672 911
191778 954
191884 973
191991 977
192097 962
192204 913
192310 886
192416 822
192524 745
192630 671
192737 588
192843 509
192949 432
193056 353
193162 299
193269 248
193375 261
193483 203
193589 206
193695 220
193802 262
193908 308
194015 367
194121 431
194227 545
194334 579
194440 657
194548 732
194654 743
194761 841
194867 884
194973 905
195080 912
195186 910
195292 885
195399 845
195506 802
195613 743
195719 676
195826 598
195932 546
196038 475
196145 413
196251 357
196358 314
196466 278
196573 255
196679 272
196785 266
196892 288
196998 332
197105 376
197211 434
197317 499
197424 563
197575 679
197681 710
197788 767
197894 811
198000 818
198107 867
198213 867
198320 863
198426 822
198578 800
198685 751
198791 688
198898 633
199004 536
199110 512
199217 457
199323 398
199430 356
199584 313
199691 298
199797 293
199904 340
200010 315
200116 355
200223 407
200329 491
200436 510
200543 563
200649 619
200756 678
200862 726
200969 770
201075 752
201181 823
201288 834
201394 832
201502 819
201608 798
201715 764
201821 721
201927 679
202034 621
202140 571
202247 512
202353 497
202459 424
202567 390
202673 357
202780 340
202886 334
202992 338
203099 349
203205 377
203312 407
203418 443
203526 492
203632 542
203738 587
203845 638
203951 672
204058 718
204164 748
204270 774
204377 775
204484 788
204591 790
204697 776
204803 701
204910 717
205016 677
205123 672
205229 685
205335 666
205442 659
205549 654
205656 647
205762 643
205869 638
205975 665
206081 640
206188 633
206294 629
206401 659
206508 624
206614 622
206721 624
206827 605
206934 613
207040 615
207146 613
207253 637
207359 615
207467 608
207573 609
207680 607
207786 607
207892 607
207999 603
208105 605
208212 605
208318 601
208424 603
208532 604
208638 597
208745 601
208851 616
208957 610
209064 612
209170 606
209277 582
209383 607
209491 607
209597 602
209703 565
209810 601
209916 603
210023 602
210129 605
210235 604
210342 599
210448 600
210556 598
210662 599
210769 593
210875 617
210981 594
211088 594
211194 595
211300 610
211407 596
211514 591
211621 599
211727 679
211834 593
211940 597
212046 593
212153 604
212259 591
212366 593
212473 593
212580 594
212686 586
212792 593
212899 596
213005 589
213112 593
213218 607
213324 601
213431 596
213538 601
213645 602
213751 620
213857 594
213964 600
214070 598
214177 600
214283 604
214389 594
214497 610
214603 578
214710 598
214816 598
214923 591
215029 611
215135 596
215242 598
215348 595
215455 592
215562 591
215668 598
215775 597
215881 596
215988 594
216094 588
216200 587
216307 590
216413 592
216521 595
216627 576
216734 589
216840 593
216946 593
217053 585
217159 593
217266 586
217372 591
217480 588
217586 608
217692 601
217799 596
217905 598
218011 601
218118 599
218224 600
218331 594
218437 596
218545 599
218651 576
218757 601
218864 600
218970 597
219077 605
