1.75 0.43 585.43 13.26
70.68 8.88 502.93 16.89
137.06 8.79 429.87 15.76
203.75 8.87 351.18 14.04
270.06 8.80 283.68 16.29
336.43 8.69 216.43 26.32
403.12 8.78 170.75 9.29
469.43 8.69 127.50 10.40
538.00 16.28 90.12 11.53
604.87 16.20 68.87 16.38
671.43 16.32 46.56 9.99
737.93 16.18 51.31 16.15
804.31 16.36 58.25 10.66
870.81 16.21 74.81 10.10
937.18 16.10 99.56 19.25
1005.68 17.46 138.06 21.68
1072.18 17.28 184.75 16.11
1138.68 17.47 237.25 17.66
1205.25 17.26 298.68 18.66
1271.56 17.25 362.00 18.69
1338.12 17.30 418.00 25.02
1404.56 17.14 492.25 20.03
1471.00 17.59 560.87 20.27
1537.62 17.35 630.50 18.42
1604.68 17.78 697.50 19.49
1671.31 17.83 755.25 16.24
1737.75 17.64 809.87 19.26
1804.12 17.90 864.87 14.73
1870.68 17.66 906.25 12.98
1937.06 17.73 942.50 18.61
2003.56 17.82 966.37 9.15
2070.12 17.71 987.87 8.70
2136.50 17.86 991.87 12.16
2203.18 17.57 992.93 5.51
2269.37 17.61 982.93 11.59
2336.00 17.64 970.93 10.10
2402.37 17.49 951.62 22.65
2468.93 17.91 908.37 13.20
2535.50 17.67 875.25 11.12
2603.12 19.50 826.87 17.06
2669.62 19.28 771.50 20.14
2736.06 19.21 723.75 12.68
2802.37 19.39 671.93 18.73
2868.93 19.27 608.62 19.55
2935.37 19.27 550.75 17.48
3001.93 19.23 499.75 19.10
3068.37 19.28 448.12 17.30
3134.68 19.35 400.00 21.86
3201.43 19.15 347.25 14.22
3267.62 19.17 306.75 13.91
3334.31 19.07 277.00 14.23
3400.68 19.14 245.37 8.28
3467.18 19.34 229.68 17.27
3533.75 19.09 213.50 12.23
3600.12 19.50 209.31 4.59
3666.68 19.25 202.50 26.49
3733.12 19.29 221.31 8.13
3799.50 19.33 238.68 8.59
3866.06 19.21 266.68 14.54
3932.50 19.43 294.25 15.68
3998.93 19.23 328.12 11.24
4065.43 19.25 372.75 16.37
4131.93 19.24 409.93 18.18
4198.43 19.15 457.87 16.02
4264.81 19.30 508.68 19.56
4331.37 19.04 552.50 14.26
4397.81 19.08 599.62 13.61
4464.31 19.07 642.87 15.83
4530.81 19.20 687.81 15.48
4597.12 19.50 728.93 11.36
4663.81 19.33 770.12 10.58
4730.12 19.29 795.93 10.79
4796.56 19.30 825.81 6.57
4863.06 19.21 846.93 8.17
4929.50 19.43 862.18 5.59
4996.00 19.20 870.06 4.87
5062.43 19.25 872.50 6.79
5129.06 19.18 868.56 6.15
5195.50 19.23 864.93 18.11
5261.75 19.33 846.75 12.88
5328.50 18.99 824.56 11.47
5394.81 19.08 795.12 9.92
5461.37 19.04 767.25 11.91
5527.81 19.20 731.68 10.75
5594.31 19.42 696.43 14.38
5660.93 19.27 660.62 5.99
5727.25 19.23 615.68 14.92
5793.75 19.22 582.43 13.85
5860.12 19.18 537.37 27.42
5926.62 19.27 500.12 12.88
5993.12 19.28 459.00 11.36
6059.43 19.25 429.81 8.22
6126.25 19.10 399.81 10.23
6192.56 19.20 375.18 9.26
6258.81 19.30 351.87 9.49
6325.56 19.09 337.81 9.61
6391.81 19.08 324.50 10.45
6458.43 19.01 321.56 11.93
6524.93 19.24 324.31 14.20
6591.31 19.42 327.75 15.68
6657.87 19.30 332.93 7.36
6724.25 19.23 348.75 12.09
6790.81 19.20 370.87 10.73
6857.18 19.16 387.43 19.41
6923.68 19.24 419.12 9.70
6990.18 19.16 452.37 15.53
7056.43 19.14 479.37 14.00
7123.06 19.09 510.93 15.99
7189.50 19.12 545.87 17.88
7256.00 19.11 578.56 14.35
7322.62 18.96 610.87 13.07
7388.87 18.95 645.50 11.91
7455.43 18.91 670.06 15.06
7522.00 19.11 702.18 10.00
7588.43 19.26 725.12 8.72
7654.87 19.20 746.25 8.00
7721.18 19.37 760.68 5.65
7787.87 19.20 780.81 24.55
7854.12 19.09 781.50 5.63
7920.68 19.15 784.75 6.13
7989.62 23.72 782.18 5.61
8055.93 23.93 773.37 17.16
8122.56 23.64 768.00 7.71
8188.87 23.60 756.93 11.33
8255.50 23.67 735.87 10.57
8322.06 23.51 721.00 12.85
8388.31 23.58 693.25 14.30
8455.00 23.44 665.56 20.51
8521.37 23.54 641.31 12.10
8587.93 23.75 613.56 18.24
8654.37 23.65 588.12 12.71
8723.18 24.59 555.87 18.50
8789.68 24.42 531.25 12.87
8856.00 24.25 502.62 13.07
8922.68 24.49 478.06 18.80
8989.06 24.39 456.37 9.94
9055.50 24.59 435.81 13.73
9122.00 24.43 420.75 13.95
9188.37 24.40 409.75 11.81
9255.00 24.33 399.00 7.62
9321.43 24.19 390.68 10.94
9387.81 24.43 397.43 21.17
9454.50 24.15 396.37 7.28
9520.81 24.32 399.50 13.30
9587.37 24.39 411.37 14.58
9654.93 25.86 429.50 12.15
9721.25 26.01 437.37 17.84
9787.81 25.79 461.25 14.04
9854.12 25.75 479.68 13.76
9920.81 25.86 497.56 25.58
9987.18 25.88 524.06 15.72
10053.62 25.96 545.37 18.36
10120.12 25.79 574.43 21.27
10186.50 25.88 595.87 10.47
10253.06 25.73 619.31 11.68
10319.62 25.64 639.62 10.41
10386.06 25.72 662.37 14.92
10452.62 25.50 675.06 10.29
10519.06 25.88 690.87 13.50
10585.56 25.80 699.06 13.55
10652.00 25.82 713.31 5.36
10718.37 25.94 720.25 15.62
10784.93 25.86 719.18 9.74
10851.25 26.01 722.31 6.07
10917.93 25.89 720.81 10.26
10984.18 25.88 709.93 9.95
11050.75 25.90 704.87 8.02
11117.25 25.85 692.37 16.13
11183.56 26.00 673.93 11.26
11250.18 25.66 664.25 7.69
11316.62 25.64 643.81 16.72
11383.12 25.69 630.50 8.72
11449.62 25.50 607.37 12.99
11516.12 25.85 590.81 11.09
11582.62 25.77 565.18 11.84
11649.00 25.82 548.50 19.39
11715.43 25.91 532.68 8.74
11782.00 25.82 516.25 9.76
11848.37 25.94 495.93 7.93
11914.93 25.89 483.25 9.97
11981.31 25.98 463.18 21.58
12047.87 25.83 458.12 8.28
12114.31 25.82 455.37 7.37
12180.68 25.93 449.06 4.37
12247.31 25.69 445.93 12.03
12313.68 25.77 444.00 15.28
12380.25 25.62 450.62 7.35
12446.68 25.60 455.43 8.25
12513.18 25.81 462.93 8.47
12579.75 25.70 477.62 8.82
12646.06 25.95 485.56 16.50
12712.50 25.87 501.93 5.98
12779.00 25.82 517.50 8.46
12845.37 25.94 538.06 12.85
12912.00 25.86 551.50 8.13
12978.31 25.98 564.62 4.94
13044.87 25.83 584.50 13.12
13111.31 25.82 599.62 6.77
13177.81 25.86 614.18 7.18
13244.31 25.69 628.62 8.63
13310.68 25.77 644.87 16.40
13377.25 25.62 653.37 6.71
13443.75 25.57 662.31 9.52
13510.31 25.74 664.18 8.21
13576.81 25.66 675.81 10.28
13643.18 26.05 676.62 7.87
13709.62 25.90 675.25 10.48
13776.06 25.79 673.06 8.83
13842.56 25.83 673.25 10.67
13909.12 25.92 670.18 11.57
13975.37 26.10 656.25 13.99
14042.00 25.86 654.62 12.78
14108.31 25.82 641.68 9.95
14174.93 25.80 627.81 11.66
14241.37 25.79 620.68 7.72
14307.75 25.90 604.43 9.27
14374.37 25.55 589.43 7.58
14440.75 25.57 577.50 10.67
14507.37 25.71 561.00 9.32
14573.81 25.66 545.75 11.68
14640.25 26.01 538.25 12.41
14706.68 25.87 524.06 12.45
14773.06 25.79 514.62 9.77
14839.62 25.80 504.68 5.85
14906.18 25.88 497.68 6.71
14972.56 26.00 493.56 12.94
15039.00 25.86 484.68 10.67
15105.43 25.91 485.25 6.45
15172.00 25.76 485.81 14.52
15238.43 25.75 487.93 7.46
15304.87 25.83 490.50 11.00
15371.50 25.58 499.06 9.31
15437.81 25.70 500.56 10.27
15504.43 25.67 509.18 8.25
15570.87 25.76 522.81 11.15
15637.31 25.98 529.68 8.40
15703.87 25.90 542.00 7.52
15770.12 25.91 553.68 13.97
15836.75 25.73 557.93 23.04
15903.18 25.88 577.93 6.47
15969.56 26.00 590.00 17.71
16036.00 25.86 596.12 9.80
16102.43 25.91 607.18 8.43
16169.00 25.76 617.12 10.97
16235.43 25.75 626.31 6.83
16301.93 25.79 630.68 5.24
16368.56 25.54 635.81 10.64
16434.87 25.67 639.75 13.88
16501.43 25.67 641.81 16.53
16567.87 25.76 644.12 6.04
16634.43 25.91 645.50 5.58
16700.93 25.86 647.25 10.02
16767.25 26.01 640.06 9.59
16833.75 25.83 634.18 17.98
16900.25 26.02 631.06 8.19
16966.62 25.96 626.00 6.31
