2 548
146 436
252 333
359 237
465 165
571 112
678 76
784 49
890 79
997 109
1103 167
1210 239
1317 327
1423 423
1529 523
1636 570
1742 731
1849 821
1955 899
2061 967
2209 1008
2315 1035
2422 1036
2528 1017
2634 974
2741 907
2847 834
2954 746
3060 638
3168 548
3274 457
3380 371
3487 290
3593 231
3700 173
3806 148
3912 139
4019 149
4126 178
4233 226
4339 291
4445 362
4552 450
4658 532
4765 632
4871 709
4977 792
5084 875
5191 915
5298 953
5404 970
5511 931
5617 958
5723 924
5830 878
5936 809
6043 741
6150 659
6257 604
6363 493
6469 419
6576 342
6682 242
6788 241
6895 220
7001 206
7109 232
7215 225
7322 263
7428 314
7534 368
7641 443
7747 515
7854 595
7960 642
8066 741
8217 826
8324 871
8430 903
8536 919
8643 920
8749 904
8855 878
8962 835
9068 783
9220 686
9327 612
9433 546
9539 474
9646 409
9752 352
9859 280
9965 273
10071 256
10179 252
10285 259
10392 283
10498 317
10605 370
10711 409
10817 487
10924 554
11030 614
11138 682
11244 746
11350 796
11457 813
11563 857
11670 867
11776 873
11882 874
11989 833
12095 792
12203 744
12309 689
12416 632
12522 570
12628 511
12735 453
12841 402
12948 361
13054 330
13161 309
13268 304
13374 303
13481 324
13587 348
13693 391
13800 432
13906 502
14013 537
14120 598
14227 654
14333 701
14439 743
14546 775
14652 809
14759 834
14865 825
14971 817
15078 796
15185 769
15292 728
15398 686
15504 634
15611 589
15717 540
15824 491
15930 446
16036 406
16144 376
16250 348
16357 314
16463 342
16570 353
16676 376
16782 357
16889 438
16995 481
17102 531
17209 578
17316 621
17422 665
17528 711
17635 752
17741 767
17847 790
17954 784
18060 788
18168 769
18274 751
18381 722
18487 683
18593 663
18700 665
18806 683
18913 657
19019 648
19127 641
19233 636
19339 635
19446 636
19552 632
19659 653
19765 625
19871 625
19978 629
20084 631
20192 624
20298 618
20404 622
20511 617
20617 622
20724 621
20830 616
20936 616
21043 614
21150 614
21257 572
21363 610
21470 609
21576 609
21682 604
21789 606
21895 608
22002 605
22109 610
22215 603
22322 606
22428 605
22535 580
22641 601
22747 599
22854 601
22960 643
23067 597
23217 599
23324 595
23430 597
23537 598
23643 592
23749 599
23856 594
23962 594
24069 597
24176 591
24282 596
24389 605
24495 604
24602 604
24708 601
24814 624
24921 599
25027 602
25135 597
25241 602
25348 599
25454 616
25560 622
25667 601
25773 601
25880 596
25986 598
26092 599
26200 595
26306 571
26413 597
26519 589
26625 595
26732 583
26838 596
26945 593
27051 587
27159 595
27265 596
27371 592
27478 596
27584 579
27691 589
27797 593
27903 591
28010 611
28117 593
28224 587
28330 590
28437 590
28543 589
28649 608
28756 597
28862 594
28968 600
29075 598
29182 572
29289 598
29395 598
29502 598
29608 608
29714 592
29821 598
29927 592
30034 561
30141 598
30248 596
30354 597
30460 627
30567 592
30673 596
30780 596
30886 596
30992 598
31099 589
31206 582
31313 599
31419 592
31525 593
31632 594
31738 591
31845 591
31951 594
32057 623
32165 590
32271 589
32378 591
32484 593
32591 588
32697 597
32803 589
32910 589
33016 600
33124 598
33230 602
33336 601
33443 594
33549 597
33656 594
33762 597
33868 598
33975 596
34081 601
34189 600
34295 597
34402 599
34508 590
34614 589
34721 593
34827 598
34934 622
35040 599
35148 593
35254 594
35360 643
35467 595
35573 594
35679 587
35786 586
35892 592
35999 594
36105 613
36213 592
36319 590
36425 592
36532 594
36638 589
36745 589
36851 588
36957 601
37064 590
37171 592
37278 590
37384 454
37491 393
37597 291
37703 209
37810 132
37916 98
38022 73
38130 73
38236 97
38343 143
38449 204
38556 276
38662 374
38768 477
38875 579
38981 674
39088 780
39195 861
39302 932
39408 990
39514 1025
39621 1042
39727 1029
39834 1015
39940 954
40046 894
40154 815
40260 701
40367 630
40473 534
40579 439
40686 355
40792 280
40899 213
41005 170
41113 144
41219 133
41325 148
41432 181
41538 225
41645 306
41751 380
41857 435
41964 553
42070 635
42178 727
42284 827
42390 871
42497 926
42603 956
42710 971
42816 978
42922 955
43029 923
43136 871
43243 806
43349 733
43456 686
43562 569
43668 491
43775 407
43881 344
43988 285
44094 243
44202 213
44308 198
44414 203
44521 225
44627 264
44733 319
44840 377
44946 445
45053 522
45160 628
45267 675
45373 745
45479 801
45586 850
45692 888
45799 908
45905 917
46011 913
46119 888
46225 847
46332 764
46438 736
46545 678
46651 598
46757 516
46864 459
46970 398
47076 346
47184 341
47290 269
47397 258
47503 250
47610 274
47716 300
47822 335
47929 391
48035 436
48143 505
48249 576
48356 663
48462 698
48568 754
48675 802
48781 834
48888 861
48994 863
49100 865
49208 847
49314 816
49421 778
49527 726
49633 667
49740 604
49846 550
49953 494
50059 415
50167 385
50273 348
50379 322
50486 311
50592 310
50699 310
50805 330
50911 359
51018 405
51125 445
51232 495
51338 557
51444 612
51551 663
51657 722
51764 761
51870 787
51976 812
52083 786
52190 823
52297 814
52403 790
52510 759
52616 721
52722 676
52829 627
52935 568
53042 519
53149 471
53256 385
53362 394
53468 370
53575 345
53681 377
53787 343
53894 358
54000 381
54107 390
54214 443
54321 491
54427 535
54533 580
54640 628
54746 666
54853 719
54959 780
55065 773
55173 788
55279 796
55386 783
55492 771
55598 746
55705 716
55811 680
55918 672
56024 668
56132 684
56238 658
56344 653
56451 646
56557 640
56664 642
56770 636
56876 635
56983 621
57089 624
57197 627
57303 625
57410 620
57516 623
57622 617
57729 617
57835 624
57941 609
58048 613
58155 609
58262 605
58368 608
58475 605
58581 602
58687 604
58794 602
58900 605
59007 577
59114 623
59221 606
59327 607
59433 605
59540 611
59646 608
59753 607
59859 609
59965 601
60072 603
60179 601
60286 605
60392 599
60498 607
60605 600
60711 601
60818 599
60924 601
61030 636
61138 592
61244 598
61351 593
61457 600
61564 599
61670 596
61776 596
61883 622
61989 595
62096 602
62203 596
62309 580
62416 597
62522 593
62629 595
62735 595
62841 588
62948 592
63054 593
63162 592
63268 593
63375 591
63481 577
63587 603
63694 600
63800 602
63907 600
64013 595
64121 599
64227 598
64333 598
64440 602
64546 596
64652 597
64759 597
64865 597
64972 599
65078 593
65186 592
65292 596
65398 596
65505 598
65611 595
65718 592
65824 594
65930 584
66037 596
66144 595
66251 590
66357 553
66464 592
66570 592
66676 591
66783 492
66889 589
66995 592
67102 592
67209 629
67316 590
67422 590
67529 587
67635 591
67741 589
67848 600
67954 601
68061 594
68207 606
68314 596
68420 592
68527 597
68633 595
68739 595
68846 600
68952 592
69059 563
69166 598
69272 595
69379 596
69485 592
69592 597
69698 596
69804 596
69911 597
70017 593
70125 590
70231 584
70338 594
70444 595
70550 596
70657 580
70763 592
70870 589
70976 592
71082 584
71190 591
71296 592
71403 590
71509 593
71615 588
71722 588
71828 591
71935 602
72041 589
72149 614
72255 597
72361 598
72468 593
72574 598
72681 605
72787 599
72893 597
73000 594
73106 592
73214 596
73320 598
73426 597
73533 597
73639 594
73746 595
73852 593
73958 548
74065 592
74214 595
74321 595
74427 594
74534 648
74640 529
74746 426
74853 324
74959 234
75066 159
75173 104
75280 80
75386 69
75492 85
75599 121
75705 177
75811 250
75918 341
76024 436
76132 533
76238 648
76345 733
76451 831
76557 934
76664 975
76770 1017
76877 1037
76983 1034
77089 1021
77197 978
77303 919
77410 844
77516 755
77623 667
77729 573
77835 480
77942 395
78048 307
78156 220
78262 190
78368 157
78475 146
78581 141
78688 173
78794 217
78900 274
79007 357
79114 432
79221 514
79327 604
79434 688
79540 771
79646 840
79753 892
79859 939
79966 963
80072 966
80179 955
80286 924
80392 880
80499 822
80605 737
80711 677
80818 598
80924 519
81031 474
81138 373
81245 311
81351 257
81457 226
81564 211
81670 210
81777 225
81883 255
81989 302
82096 356
82203 429
82310 501
82416 579
82522 653
82629 719
82735 786
82842 838
82948 876
83054 906
83162 919
83268 905
83375 888
83481 840
83588 810
83694 753
83800 684
83907 629
84013 548
84121 479
84227 411
84334 358
84440 307
84546 281
84653 258
84759 252
84865 266
84972 282
85078 320
85186 387
85292 433
85399 496
85505 528
85611 622
85718 686
85824 740
85931 795
86037 821
86145 847
86251 862
86357 931
86464 854
86570 831
86677 789
86783 734
86889 694
86996 633
87102 575
87210 515
87316 459
87422 408
87529 366
87635 333
87742 312
87848 304
87954 308
88061 322
88208 360
88314 398
88421 444
88527 496
88633 547
88740 602
88846 659
88952 705
89059 752
89166 783
89273 802
89379 812
89486 814
89592 814
89698 796
89805 728
89911 721
90018 679
90125 630
90232 581
90338 530
90444 476
90551 433
90657 398
90764 375
90870 355
90976 347
91083 342
91190 363
91297 385
91403 415
91509 452
91616 488
91722 542
91829 587
91935 634
92041 679
92149 715
92255 757
92362 766
92468 778
92575 784
92681 803
92787 761
92894 740
93000 710
93107 670
93214 677
93320 660
93427 657
93533 659
93640 651
93746 642
93852 641
93959 605
94065 643
94173 635
94279 635
94386 636
94492 629
94598 629
94705 619
94811 627
94918 621
95024 619
95132 621
95238 617
95344 616
95451 616
95557 583
95663 611
95770 615
95876 612
95983 610
96089 611
96197 609
96303 601
96409 606
96516 605
96622 603
96729 606
96835 597
96941 601
97048 599
97155 618
97262 603
97368 596
97475 597
97581 597
97687 597
97794 596
97900 594
98006 596
98114 593
98220 618
98327 606
98433 606
98540 599
98646 602
98752 600
98859 576
98965 601
99072 600
99179 597
99286 599
99392 600
99498 599
99605 624
99711 598
99818 601
99924 597
100030 576
100138 599
100244 593
100351 589
100457 540
100563 596
100670 594
100776 597
100883 588
100989 593
101095 593
101203 594
101309 593
101416 590
101522 590
101629 590
101735 595
101841 593
101948 590
102054 585
102162 589
102268 591
102374 591
102481 623
102587 611
102694 602
102800 599
102906 575
103013 603
103120 598
103227 593
103333 591
103440 599
103546 599
103652 596
103759 599
103865 597
103972 596
104078 596
104186 599
104292 597
104398 597
104505 620
104611 595
104717 591
104824 595
104930 600
105037 594
105144 592
105251 594
105357 579
105463 591
105570 593
105676 591
105783 589
105889 592
105995 590
106102 589
106209 590
106316 591
106422 592
106528 590
106635 578
106741 591
106848 589
106954 612
107060 601
107207 592
107314 599
107420 601
107526 599
107633 598
107739 600
107845 601
107952 599
108058 580
108204 596
108310 600
108416 591
108523 599
108629 600
108736 595
108842 596
108948 596
109055 557
109198 588
109304 594
109410 592
