1.87 0.33 583.93 11.40
70.43 8.93 536.62 8.05
139.43 14.28 490.06 8.86
205.75 14.17 448.50 8.70
273.25 14.39 407.62 16.64
342.06 16.19 369.56 7.87
408.18 16.12 330.87 17.76
477.68 17.06 312.12 13.60
544.12 17.12 285.25 10.09
610.56 16.88 270.50 17.83
677.12 16.99 260.93 17.77
743.50 16.89 245.68 19.72
811.43 16.73 248.87 10.29
877.93 16.99 252.56 7.94
946.06 16.84 267.00 11.63
1012.68 16.81 284.50 11.35
1079.06 16.80 305.43 13.65
1145.75 16.82 331.50 12.76
1212.06 16.95 363.25 15.46
1278.62 16.84 393.81 15.30
1345.06 17.04 433.68 14.00
1411.37 17.15 468.25 13.52
1478.62 16.92 511.25 13.81
1545.06 17.13 556.62 17.55
1611.50 16.76 597.62 13.83
1678.06 16.90 632.62 8.31
1744.50 16.77 686.50 31.09
1810.93 16.83 713.93 15.10
1877.50 16.94 745.93 8.66
1943.87 16.63 779.56 10.51
2010.50 16.81 806.06 11.69
2076.87 16.62 831.00 12.08
2143.37 16.74 848.37 14.87
2209.81 16.95 864.25 12.13
2276.37 16.73 869.06 10.99
2342.81 16.92 874.81 12.39
2409.12 17.01 870.00 11.70
2475.75 17.01 860.81 13.66
2542.06 17.13 851.75 14.17
2608.50 16.76 833.00 14.72
2675.06 16.90 812.75 21.92
2741.50 16.77 784.93 18.38
2808.06 16.79 754.06 13.00
2874.50 16.84 721.75 10.55
2940.87 16.63 689.50 16.75
3007.50 16.81 649.93 15.91
3073.87 16.62 613.18 9.53
3140.43 16.78 570.75 11.75
3206.81 16.95 540.12 25.19
3273.43 16.89 499.87 9.83
3339.81 16.92 463.43 10.59
3406.25 16.91 427.81 9.08
3472.87 17.05 397.81 9.36
3539.06 17.13 369.18 12.42
3608.06 17.58 346.12 8.36
3674.62 17.65 324.87 10.85
3741.00 17.38 318.43 23.49
3807.62 17.60 302.93 10.26
3874.00 17.46 294.81 11.41
3940.31 17.32 294.75 11.26
4007.06 17.49 300.62 11.56
4073.31 17.25 311.06 12.38
4142.37 17.78 328.56 16.54
4208.75 17.79 341.43 20.84
4275.25 17.69 365.12 11.64
4341.68 17.92 389.25 18.83
4408.06 17.76 423.00 11.55
4474.68 17.87 455.18 13.12
4542.12 19.78 484.18 13.28
4608.68 19.43 521.68 10.88
4675.31 19.60 556.81 10.58
4741.56 19.33 592.68 21.35
4808.18 19.41 626.75 11.53
4874.56 19.41 654.43 25.84
4941.00 19.35 696.93 19.41
5007.68 19.36 724.62 10.37
5075.12 20.70 751.43 15.93
5141.68 20.84 775.62 9.65
5208.06 20.82 796.43 13.15
5274.68 20.88 805.00 19.50
5341.06 20.98 818.56 11.92
5407.50 20.85 827.12 11.79
5474.00 20.95 831.12 10.14
5540.31 21.05 827.68 9.57
5606.87 21.02 821.31 12.89
5673.37 20.99 809.56 13.01
5739.75 20.77 797.00 7.64
5806.37 20.88 773.43 9.99
5872.68 20.74 749.18 12.58
5939.25 20.75 734.81 14.58
6005.75 20.75 699.56 12.46
6072.18 20.64 665.18 13.16
6138.75 20.86 637.75 17.04
6205.12 20.92 604.50 11.11
6271.75 20.89 572.12 13.97
6338.06 20.98 534.31 15.56
6404.56 20.96 505.00 10.61
6471.06 20.96 475.31 18.67
6537.43 21.09 453.18 18.23
6604.00 21.01 420.81 11.62
6670.37 20.99 394.93 10.57
6736.87 20.86 378.68 18.12
6803.43 20.92 361.06 12.29
6869.81 20.61 348.18 14.21
6936.37 20.78 338.87 17.40
7002.81 20.69 341.31 19.04
7069.25 20.62 334.37 7.90
7135.93 20.95 340.25 11.81
7202.18 20.86 348.06 10.75
7268.75 20.83 360.25 13.86
7335.12 20.91 376.37 21.18
7401.62 20.89 391.62 11.51
7468.18 21.01 415.68 11.90
7534.50 21.02 442.25 11.08
7601.00 21.01 470.43 16.67
7667.37 20.99 500.12 12.45
7733.87 20.86 530.62 15.79
7800.50 20.93 558.68 26.95
7866.87 20.71 589.18 12.94
7933.43 20.79 619.87 14.77
7999.87 20.62 652.68 12.45
8066.37 20.73 677.12 21.63
8132.93 20.95 702.50 11.62
8199.37 20.89 728.50 25.05
8265.75 20.83 748.50 15.66
8332.12 20.81 763.37 10.94
8398.75 20.92 772.81 16.06
8465.12 20.97 785.87 11.12
8531.68 20.99 794.12 9.69
8598.06 21.12 794.31 14.54
8664.43 20.93 794.43 7.95
8731.00 20.89 788.25 9.46
8797.43 20.89 782.50 14.82
8863.87 20.72 762.75 13.17
8930.56 20.85 748.75 10.22
8996.93 20.56 733.50 14.17
9063.50 20.76 705.68 9.64
9129.87 20.91 682.93 8.71
9196.43 20.83 656.56 13.29
9262.81 20.85 629.06 13.79
9329.18 20.91 601.00 10.52
9395.75 20.89 572.50 13.73
9462.12 20.97 549.06 16.77
9528.75 21.09 516.81 11.08
9595.12 21.14 493.75 16.41
9661.62 20.91 464.31 17.97
9728.12 20.89 443.93 10.14
9794.50 20.83 427.31 19.66
9861.06 20.85 406.75 11.24
9927.56 20.85 393.00 11.98
9994.00 20.50 379.18 11.49
10060.56 20.75 373.06 15.63
10126.93 20.84 363.06 25.43
10193.50 20.86 366.25 11.58
10259.93 20.90 367.93 13.30
10326.31 20.89 375.31 13.34
10392.81 20.87 391.43 11.03
10459.12 20.97 404.50 9.72
10525.87 21.02 421.37 9.65
10592.18 21.08 432.75 15.87
10658.68 20.84 459.62 9.66
10725.12 20.89 485.62 22.29
10791.50 20.83 507.37 16.66
10858.18 20.79 531.43 9.37
10924.56 20.85 564.68 12.91
10991.00 20.67 584.12 9.80
11057.62 20.77 611.25 12.63
11124.00 20.95 638.12 13.60
11190.56 20.87 662.81 11.74
11256.93 20.90 685.37 12.99
11323.56 20.96 704.18 17.61
11389.81 20.87 718.75 11.96
11458.56 24.48 735.56 8.80
11525.31 24.44 752.93 12.11
11591.56 24.48 755.81 10.35
11658.18 24.33 758.75 8.67
11724.62 24.35 760.12 10.94
11790.93 24.37 764.50 9.99
11857.62 24.21 756.68 5.63
11923.93 24.24 746.75 8.60
11990.43 24.08 743.25 13.09
12057.12 24.20 723.31 7.41
12123.56 24.30 708.18 6.49
12190.00 24.25 690.06 5.36
12256.31 24.25 669.87 8.25
12323.00 24.27 644.18 11.28
12390.43 26.97 621.87 7.67
12456.68 27.00 597.68 8.91
12523.43 26.87 573.93 9.31
12589.68 27.05 548.25 9.84
12656.31 26.85 524.31 15.65
12722.81 26.94 500.81 14.38
12789.12 26.83 479.62 13.13
12855.75 26.63 464.75 13.71
12922.12 26.76 447.62 14.97
12988.68 26.62 429.12 9.76
13057.68 26.13 421.62 31.97
13124.12 26.03 402.62 18.18
13190.56 26.01 401.50 6.89
13256.93 26.09 397.75 12.83
13323.43 26.04 396.06 10.09
13390.00 26.32 400.62 6.57
13456.25 26.20 405.56 10.25
13523.00 26.44 414.00 11.46
13589.12 26.37 430.25 20.99
13655.68 26.18 442.12 8.16
13722.25 26.25 458.68 10.76
13788.62 26.04 478.18 13.12
13855.25 26.09 496.31 10.35
13921.56 26.04 521.37 14.31
13988.25 25.95 541.50 14.81
14054.68 26.13 564.56 12.54
14121.18 26.10 583.31 13.44
14187.62 26.01 605.93 12.99
14254.00 26.16 632.93 11.97
14320.56 26.01 648.25 11.47
14387.00 26.32 666.37 11.54
14453.43 26.26 685.87 20.81
14520.00 26.44 699.18 9.81
14586.18 26.31 714.00 10.75
14652.81 26.13 723.68 7.47
14719.25 26.25 730.18 21.38
14785.75 26.04 735.43 8.06
14852.37 26.11 738.31 13.66
14918.62 25.97 735.56 8.21
14985.31 25.92 730.37 10.54
15051.68 26.13 728.37 14.02
15118.12 26.08 713.68 11.15
15184.81 26.18 702.31 10.51
15251.06 26.09 687.18 9.02
15317.62 26.03 668.25 11.85
15384.00 26.32 657.87 13.72
15450.50 26.19 634.93 13.88
15517.06 26.44 616.43 11.38
15583.25 26.38 597.37 18.61
15649.93 26.15 574.75 15.17
15718.62 25.38 553.06 13.92
15785.25 25.26 525.25 18.30
15851.81 25.21 509.12 23.80
15918.12 25.15 495.62 9.69
15984.75 25.01 479.50 21.27
16051.12 25.14 463.18 10.92
16117.62 25.19 450.43 12.69
16184.18 25.25 439.68 10.91
16250.50 25.16 430.50 12.57
16317.06 25.09 423.43 10.41
16383.43 25.31 419.25 10.93
16449.87 25.30 421.43 10.76
16516.50 25.43 426.37 12.25
16582.81 25.33 429.75 9.38
16649.56 25.38 437.93 9.63
16715.62 25.38 450.37 12.83
16782.31 25.18 456.06 13.85
16848.81 25.21 471.93 14.93
16915.12 25.15 490.68 12.10
16981.87 25.15 503.68 13.18
