2869 0
2885 9
2902 26
2918 63
2935 66
2951 65
2967 91
2984 110
3000 124
3016 116
3033 139
3049 248
3066 174
3082 195
3098 199
3115 219
3131 233
3147 245
3164 257
3180 267
3197 280
3213 291
3229 303
3246 313
3262 322
3279 334
3295 346
3311 358
3328 367
3344 373
3360 396
3377 434
3393 405
3410 414
3426 425
3442 446
3459 456
3475 478
3491 452
3508 465
3524 479
3541 488
3557 485
3573 497
3590 504
3606 508
3623 512
3639 529
3655 533
3672 537
3688 546
3706 550
3722 557
3738 565
3755 569
3771 577
3787 582
3804 590
3820 592
3837 598
3853 600
3869 608
3886 613
3902 618
3919 624
3935 629
3951 566
3968 630
3984 659
4000 649
4017 600
4033 652
4050 642
4066 665
4082 669
4099 670
4115 666
4131 679
4148 729
4164 683
4181 687
4197 697
4213 699
4230 700
4246 704
4263 703
4279 704
4295 710
4312 717
4328 718
4344 725
4361 731
4377 709
4394 729
4410 734
4426 745
4443 762
4459 730
4475 723
4492 749
4508 749
4525 754
4541 753
4557 723
4574 762
4590 764
4607 764
4623 762
4639 710
4656 767
4672 769
4688 774
4706 773
4722 777
4739 776
4755 781
4771 776
4788 785
4804 785
4821 788
4837 790
4853 789
4870 779
4886 796
4902 797
4919 798
4935 800
4952 803
4968 800
4984 819
5001 834
5017 807
5034 753
5050 811
5066 809
5083 819
5099 818
5115 814
5132 816
5148 811
5165 788
5181 803
5197 845
5214 819
5230 817
5246 824
5263 823
5279 827
5296 826
5312 824
5328 804
5345 817
5361 810
5378 828
5394 829
5410 833
5427 833
5443 809
5459 822
5476 832
5492 837
5509 837
5525 837
5541 841
5558 867
5574 891
