48 816
64 805
81 786
97 772
114 752
130 738
146 727
163 703
179 707
195 682
212 667
228 653
245 643
261 624
277 602
294 601
310 589
326 576
343 566
359 551
377 546
393 536
409 531
426 505
442 500
459 498
475 463
491 460
508 459
524 444
541 435
557 424
573 419
590 409
606 402
622 394
639 384
655 375
672 366
688 367
704 352
721 341
737 336
753 325
770 321
786 306
803 308
819 297
835 293
852 288
868 284
885 251
901 301
917 261
934 250
950 252
966 226
983 239
999 234
1016 229
1032 224
1048 222
1065 149
1081 209
1097 208
1114 199
1130 195
1147 189
1163 183
1179 176
1196 176
1212 172
1229 165
1245 163
1261 161
1278 192
1294 153
1310 147
1327 142
1343 128
1360 137
1377 122
1394 119
1410 164
1426 122
1443 120
1459 104
1475 82
1492 92
1508 170
1525 96
1541 104
1557 91
1574 107
1590 96
1606 94
1623 89
1639 84
1656 81
1672 79
1688 81
1705 71
1721 75
1738 65
1754 69
1770 66
1787 65
1803 61
1819 57
1836 59
1852 53
1869 49
1885 53
1901 47
1918 48
1934 49
1950 40
1967 35
1983 41
2000 39
2016 39
2032 36
2049 29
2065 43
2082 25
2098 26
2114 33
2131 21
2147 26
2163 23
2180 23
2196 25
2213 20
2229 17
2245 18
2262 15
2278 17
2294 14
2311 15
2327 8
2344 14
2360 7
2378 4
2394 18
2410 17
2427 7
2443 4
2459 0
2476 0
2492 3
2509 3
2525 0
2541 0
2558 3
2574 0
2590 0
2607 0
2623 0
2640 0
2656 0
2672 0
2689 0
2705 0
2722 0
2738 0
2754 0
2771 0
2787 4
2803 0
2820 0
2836 0
2853 0
2869 0
2885 3
2902 0
2918 0
2934 0
2951 0
2967 0
2984 0
3000 0
3016 0
3033 0
3049 0
3066 0
3082 0
3098 0
3115 0
3131 0
3147 0
3164 0
3180 0
3197 0
3213 0
3229 0
3246 0
3262 0
3278 0
3295 0
3311 0
3328 0
3344 0
3360 0
3378 0
3394 0
3411 0
3427 0
3443 0
3460 0
3476 0
3493 0
3509 0
3525 30
3542 0
3558 0
3574 0
3591 0
3607 0
3624 0
3640 0
3656 0
3673 0
3689 0
3706 0
3722 0
3738 0
3755 0
3771 0
3787 0
3804 0
3820 0
3837 0
3853 0
3869 0
3886 0
3902 0
3918 0
3935 0
3951 0
3968 0
3984 0
4000 0
4017 0
4033 0
4050 0
4066 0
4082 0
4099 0
4115 0
4131 0
4148 0
4164 0
4181 0
4197 0
4213 0
4230 0
4246 0
4262 0
4279 0
4295 0
4312 0
4328 0
4344 0
4361 0
4378 0
4395 0
4411 0
4427 0
4444 0
4460 0
4477 0
4493 0
4509 0
4526 0
4542 0
4558 0
4575 0
4591 0
4608 8
4624 0
4640 0
4657 0
4673 0
4690 0
4706 0
4722 0
4739 0
4755 0
4771 0
4788 0
4804 0
4821 0
4837 0
4853 0
4870 0
4886 0
4902 0
4919 0
4935 0
4952 0
4968 0
4984 0
5001 0
5017 0
5034 0
5050 0
5066 0
5083 0
5099 0
5115 0
5132 0
5148 0
5165 0
5181 0
5197 0
5214 0
5230 0
5246 0
5263 0
5279 0
5296 0
5312 0
5328 0
5345 0
5363 0
5379 0
5396 0
5412 0
5429 0
5445 0
5461 0
5478 0
5494 0
5510 0
5527 0
5543 0
5560 0
5576 0
5592 0
5609 0
5625 0
5641 0
5658 0
5674 0
5691 0
5707 0
5723 0
5740 0
5756 0
5773 0
5789 0
5805 0
5822 0
5838 0
5854 0
5871 0
5887 0
5904 0
5920 0
5936 0
5953 0
5969 0
5985 0
6002 0
6018 0
6035 0
6051 0
6067 0
6084 0
6100 0
6117 0
6133 0
6149 0
6166 0
6182 0
6198 0
6215 0
6231 0
6248 0
6264 0
6280 0
6297 0
6313 0
6329 0
6346 0
6363 0
6380 0
6396 0
6412 0
6429 0
6445 0
6462 0
6478 0
6494 0
6511 0
6527 0
6544 0
6560 0
6576 0
6593 0
6609 0
6625 0
6642 0
6658 0
6675 0
6691 0
6707 0
6724 0
6740 0
6756 0
6773 0
6789 0
6806 0
6822 0
6838 0
6855 0
6871 0
6888 0
6904 0
6920 0
6937 0
6953 0
6969 0
6986 0
7002 0
7019 0
7035 0
7051 0
7068 0
7084 0
7100 0
7117 0
7133 0
7150 0
7166 0
7182 0
7199 0
7215 0
7232 0
7248 0
7264 0
7281 0
7297 0
7313 0
7330 0
7346 0
7364 0
7380 0
7396 0
7413 0
7429 0
7446 0
7462 0
7478 0
7495 0
7511 0
7528 0
7544 0
7560 0
7577 0
7593 0
7609 0
7626 0
7642 0
7659 0
7675 0
7691 0
7708 0
7724 0
7740 0
7757 0
7773 0
7790 0
7806 0
7822 0
7839 0
7855 0
7872 0
7888 0
7904 0
7921 0
7937 0
7953 0
7970 0
7986 0
8003 0
8019 0
8035 0
8052 0
8068 0
8084 0
8101 0
8117 0
8134 0
8150 0
8166 0
8183 0
8199 0
8216 0
8232 0
8248 0
8265 0
8281 0
8297 25
8314 0
8330 0
8347 0
8364 0
8380 0
8397 0
8413 0
8430 0
8446 0
8462 0
8479 0
8495 0
8511 0
8528 0
8544 0
8561 0
8577 0
8593 0
8610 0
8626 0
8643 0
8659 0
8675 0
8692 0
8708 0
8724 0
8741 20
8757 0
8774 0
8790 0
8806 0
8823 0
8839 0
8855 0
8872 0
8888 0
8905 0
8921 0
8937 0
8954 0
8970 0
8987 0
9003 0
9019 0
9036 0
9052 0
9068 0
9085 0
9101 0
9118 0
9134 0
9150 0
9167 0
9183 0
9199 0
9216 0
9232 0
9249 0
9265 0
9281 0
9298 0
9314 0
9331 0
9347 0
9364 0
9381 0
9397 0
9414 0
9430 0
9446 0
9463 0
9479 0
9495 0
9512 15
9528 31
9545 38
9561 65
9577 77
9594 94
9610 112
9627 141
9643 115
9659 127
9676 166
9692 181
9708 215
9725 235
9741 222
9758 237
9774 242
9790 260
9807 268
9823 281
9839 291
9856 306
9872 322
9889 329
9905 338
9921 346
9938 356
9954 367
9971 377
9987 387
10003 398
10020 407
10036 414
10052 426
10069 431
10085 435
10102 442
10118 507
10134 460
10151 473
10167 482
10183 489
10200 501
10216 506
10233 567
10249 518
10265 524
10282 529
10298 533
10315 549
10331 546
10347 556
10365 566
10381 575
10398 571
10414 581
10430 586
10447 594
10463 599
10479 604
10496 607
10512 615
10529 620
10545 629
10561 631
10578 634
10594 638
10610 643
10627 646
10643 654
10660 661
10676 660
10692 664
10709 667
10725 709
10742 683
10758 747
10774 688
10791 687
10807 702
10823 693
10840 697
10856 708
10873 706
10889 705
10905 712
10922 720
10938 718
10954 722
10971 723
10987 727
11004 728
11020 733
11036 736
11053 738
11069 741
11086 744
11102 745
11118 752
11135 746
11151 754
11167 756
11184 758
11200 765
11217 739
11233 749
11249 766
11266 770
11282 769
11298 758
11315 771
11331 775
11348 780
11365 784
11382 783
11398 785
11414 785
11431 786
11447 790
11463 798
11480 788
11496 796
11513 797
11529 799
11545 800
11562 812
11578 803
11594 803
11611 807
11627 811
11644 815
11660 797
11676 812
11693 809
11709 807
11726 817
11742 811
11758 812
11775 818
11791 819
11807 855
11824 850
11840 821
11857 830
11873 829
11889 822
11906 827
11922 798
11938 826
11955 830
11971 830
11988 830
12004 831
12020 832
12037 834
12053 833
12070 841
12086 835
12102 837
12119 836
12135 833
12151 834
12168 836
12184 842
12201 842
12217 850
12233 864
12250 805
12266 842
12282 845
12299 838
12315 839
12332 843
12348 849
12365 855
12382 849
12398 848
12415 849
12431 851
12447 854
12464 852
12480 853
12497 860
12513 851
12529 855
12546 853
12562 857
12578 856
12595 856
12611 857
12628 857
12644 871
12660 852
12677 858
12693 859
12709 858
12726 858
12742 879
12759 846
12775 841
12791 862
12808 864
12824 859
12841 850
12857 866
12873 865
12890 864
12906 867
12922 864
12939 869
12955 864
12972 865
12988 864
13004 865
13021 869
13037 867
13053 868
13070 865
13086 858
13103 863
13119 868
13135 866
13152 839
13168 863
13185 873
13201 818
13217 864
13234 875
13250 865
13266 870
13283 874
13299 867
13316 863
13332 867
13348 866
13366 878
13382 794
13399 871
13415 875
13431 867
13448 844
13464 873
13481 870
13497 873
13513 868
13530 871
13546 872
13562 866
13579 872
13595 870
13612 873
13628 871
13644 874
13661 892
13677 872
13693 875
13710 873
13726 874
13743 872
13759 882
13775 866
13792 873
13808 871
13825 861
13841 892
13857 876
13874 873
13890 873
13906 879
13923 877
13939 882
13956 874
13972 873
13988 873
14005 872
14021 876
14037 875
14054 875
14070 788
14087 877
14103 873
14119 875
14136 876
14152 872
14169 875
14185 875
14201 880
14218 878
14234 863
14250 848
14267 881
14283 878
14300 877
14316 870
14332 892
14349 874
14366 878
14383 880
14399 878
14415 877
14432 907
14448 858
14464 875
14481 877
14497 879
14514 882
14530 878
14546 877
14563 878
14579 877
14596 876
14612 876
14628 881
14645 878
14661 878
14677 877
14694 878
14710 877
14727 878
14743 910
14759 870
14776 880
14792 880
14808 877
14825 873
14841 860
14858 854
14874 936
14890 880
14907 880
14923 876
14940 864
14956 876
14972 877
14989 876
15005 877
15021 880
15038 877
15054 879
15071 883
15087 881
15103 880
15120 880
15136 877
15152 879
15169 879
15185 879
15202 878
15218 877
15234 874
15251 876
15267 875
15284 941
15300 879
15316 878
15333 878
15349 899
15367 891
15383 853
15399 878
15416 877
15432 875
15448 892
15465 859
15481 883
15498 876
15514 878
15530 879
15547 877
15563 873
15580 878
15596 873
15612 880
15629 879
15645 879
15661 877
15678 885
15694 878
15711 880
15727 876
15743 882
15760 886
15776 877
15792 879
15809 879
15825 876
15842 854
15858 904
15874 866
15891 879
15907 881
15924 882
15940 891
15956 878
15973 880
15989 878
16005 881
16022 880
16038 881
16055 879
16071 887
16087 879
16104 881
16120 878
16136 881
16153 879
16169 879
16186 881
16202 882
16218 879
16235 877
16251 848
16268 884
16284 883
16300 879
16317 896
16333 885
16349 899
16367 873
16383 872
16400 883
16416 877
16432 892
16449 862
16465 863
16482 802
16498 879
16514 880
16531 882
16547 848
16563 878
16580 880
16596 882
16613 880
16629 879
16645 879
16662 878
16678 876
16695 880
16711 880
16727 880
16744 882
16760 875
16776 907
16793 880
16809 879
16826 879
