48 948
94 951
140 949
187 954
233 945
280 949
326 953
372 949
419 936
465 949
512 950
558 949
604 949
651 970
697 951
743 949
790 950
836 949
883 0
929 0
975 0
1023 0
1069 3
1116 0
1162 0
1208 0
1255 0
1301 0
1348 0
1394 0
1440 0
1487 0
1533 0
1579 0
1626 0
1672 0
1719 0
1765 0
1811 0
1858 0
1904 0
1950 0
1998 0
2044 0
2091 0
2137 0
2184 0
2230 0
2276 12
2323 0
2369 0
2415 0
2462 0
2508 32
2555 0
2601 0
2647 0
2694 0
2740 0
2786 0
2833 0
2879 0
2926 0
2972 968
3019 949
3066 951
3112 951
3159 880
3205 950
3251 950
3298 950
3344 940
3391 950
3437 922
3483 962
3530 950
3576 951
3622 952
3669 950
3715 951
3762 949
3808 950
3854 959
3901 955
3947 965
3995 949
4041 951
4087 936
4134 968
4180 950
4227 950
4273 947
4319 970
4366 950
4412 950
4458 947
4505 950
4551 948
4598 951
4644 949
4690 949
4737 950
4783 948
4829 949
4876 950
4922 949
4969 950
5016 0
5063 0
5109 0
5155 0
5202 0
5248 0
5294 0
5341 0
5387 0
5434 0
5480 0
5526 0
5573 0
5619 0
5665 0
5712 0
5758 39
5805 0
5851 0
5897 0
5944 0
5991 0
6038 0
6084 0
6130 0
6177 0
6223 0
6270 0
6316 0
6362 0
6409 0
6455 0
6501 0
6548 0
6594 0
6641 0
6687 0
6733 63
6780 0
6826 0
6873 0
6919 0
6965 0
7013 0
7059 0
7106 950
7152 964
7198 949
7245 949
7291 948
7337 949
7384 942
7430 950
7477 949
7523 951
7569 966
7616 947
7662 949
7708 951
7755 949
7801 949
7848 949
7894 949
7940 949
7988 950
8034 947
8081 919
8127 950
8173 945
8220 924
8266 950
8313 949
8359 955
8405 950
8452 959
8498 950
8544 964
8591 949
8637 950
8684 948
8730 950
8776 936
8823 950
8869 949
8916 947
8962 949
9009 947
9056 950
9102 950
9149 0
9195 18
9241 0
9288 0
9334 0
9380 0
9427 0
9473 0
9520 0
9566 0
9612 0
9659 0
9705 0
9751 0
9798 0
9844 0
9891 0
9937 0
9983 0
10030 0
10076 32
10123 0
10169 10
10215 0
10262 0
10308 0
10355 0
10401 9
10447 0
10494 0
10540 0
10586 0
10633 0
10679 0
10726 0
10772 0
10818 0
10865 0
10911 0
10957 0
11005 0
11051 0
11098 0
11144 0
11191 0
11237 949
11283 950
11330 949
11376 920
11422 949
11469 948
11515 949
11562 953
11608 957
11654 949
11701 948
11747 950
11793 949
11840 949
11886 949
11933 949
11979 950
12026 946
12073 949
12119 950
12166 947
12212 951
12258 926
12305 950
12351 953
12398 949
12444 922
12490 942
12537 940
12583 926
12629 949
12676 937
12722 949
12769 950
12815 949
12861 949
12908 950
12954 950
13002 950
13048 950
13094 938
13141 950
13187 949
13234 938
13280 0
13326 0
13373 0
13419 14
13465 0
13512 0
13558 0
13605 0
13651 8
13697 0
13744 0
13790 0
13836 0
13883 0
13929 0
13976 0
14023 0
14070 14
14116 0
14162 0
14209 0
14255 0
14301 0
14348 0
14394 0
14441 0
14487 0
14533 0
14580 0
14626 0
14672 0
14719 0
14765 0
14812 0
14858 0
14904 0
14951 0
14998 0
15045 0
15091 0
15137 0
15184 0
15230 0
15277 21
15323 0
15369 951
15416 951
15462 940
15508 966
15555 949
15601 949
15648 948
15694 946
15740 949
15787 956
15833 949
15880 951
15926 942
15972 950
16020 950
16066 948
16113 945
16159 944
16205 950
16252 949
16298 948
16344 921
16391 949
16437 951
16484 1005
16530 950
16576 972
16623 951
16669 949
16715 949
16762 951
16808 950
16855 949
16901 977
16947 950
16995 950
17041 950
17088 951
17134 920
17180 950
17227 950
17273 948
17320 950
17366 952
17412 0
17459 0
17505 0
17551 2
17598 0
17644 0
17691 0
17737 0
17783 0
17830 0
17876 0
17923 0
17969 0
18016 0
18063 0
18109 0
18156 0
18202 0
18248 0
18295 0
18341 0
18387 0
18434 0
18480 0
18527 0
18573 0
18619 0
18666 0
18712 0
18759 0
18805 0
18851 0
18898 0
18944 0
18992 0
19038 0
19084 0
19131 0
19177 7
19223 0
19270 0
19316 0
19363 0
19409 6
19455 0
19502 951
19548 949
19595 924
19641 1011
19687 949
19734 940
19780 949
19826 949
19873 949
19919 949
19966 949
20013 951
20059 970
20106 949
20152 950
20199 948
20245 949
20291 950
20338 950
20384 952
20430 950
20477 950
20523 950
20570 963
20616 928
20662 949
20709 949
20755 954
20802 949
20848 951
20894 949
20941 949
20988 950
21035 968
21081 950
21127 950
21174 947
21220 978
21266 953
21313 949
21359 950
21406 949
21452 950
21498 950
21545 0
21591 0
21638 0
21684 0
21730 0
21777 0
21823 0
21869 0
21916 0
21962 0
22010 0
22056 0
22102 0
22149 0
22195 0
22242 0
22288 0
22334 0
22381 0
22427 0
22474 0
22520 0
22566 0
22613 0
22659 0
22705 0
22752 0
22798 0
22845 0
22891 0
22937 0
22984 0
23031 0
23078 0
23124 0
23170 0
23217 0
23263 0
23310 0
23356 0
23402 0
23449 0
23495 0
23541 0
23588 0
23634 953
23681 950
23727 951
23773 950
23820 952
23866 949
23913 950
23959 950
24006 946
24053 943
24099 950
24146 949
24192 950
24238 951
24285 950
24331 950
24377 950
24424 950
24470 950
24517 956
24563 950
24609 950
24656 949
24702 947
24748 946
24795 950
24841 949
24888 950
24934 947
24980 949
25028 950
25074 950
25121 946
25167 942
25213 950
25260 949
25306 951
25353 949
25399 937
25445 950
25492 941
25538 950
25584 950
25631 947
25677 950
25724 0
25770 0
25816 0
25863 0
25909 0
25956 0
26003 0
26049 0
26096 0
26142 0
26189 0
26235 0
26281 0
26328 0
26374 0
26420 0
26467 0
26513 0
26560 0
26606 0
26652 0
26699 0
26745 0
26792 0
26838 0
26884 0
26931 0
26977 0
27025 0
27071 0
27117 0
27164 0
27210 0
27256 0
27303 0
27349 0
27396 0
27442 0
27488 0
27535 0
27581 0
27627 0
27674 0
27720 0
27767 969
27813 949
27859 949
27906 949
27952 944
28000 971
28046 950
28092 948
28139 950
28185 973
28232 935
28278 949
28324 949
28371 948
28417 941
28463 950
28510 950
28556 947
28603 951
28649 945
28695 950
28742 948
28788 949
28835 950
28881 952
28927 980
28974 950
29021 943
29068 940
29114 950
29160 954
29207 951
29253 950
29299 957
29346 951
29392 944
29439 950
29485 950
29531 949
29578 944
29624 974
29671 949
29717 948
29763 952
29810 950
29856 0
29902 0
29949 0
29996 0
30043 0
30089 0
30135 0
30182 0
30228 0
30275 9
30321 0
30367 0
30414 0
30460 0
30507 0
30553 0
30599 0
30646 0
30692 18
30738 0
30785 17
30831 0
30878 0
30924 0
30970 0
31018 16
31064 0
31111 0
31157 0
31203 0
31250 0
31296 0
31342 0
31389 0
31435 0
31482 8
31528 0
31574 0
31621 0
31667 0
31714 0
31760 0
31806 0
31853 17
31899 953
31945 949
31993 939
32039 950
32086 949
32132 944
32178 949
32225 949
32271 948
32318 947
32364 950
32410 949
32457 948
32503 949
32550 951
32596 949
32642 949
32689 946
32735 949
32781 948
32828 950
32874 946
32921 950
32967 949
33014 950
33061 949
33107 951
33154 950
33200 947
33246 948
33293 979
33339 949
33386 952
33432 975
33478 950
33525 948
33571 952
33617 949
33664 951
33710 940
33757 953
33803 948
33849 950
33896 950
33942 956
33990 0
34036 0
34082 0
34129 0
34175 0
34222 0
34268 0
34314 0
34361 0
34407 0
34453 0
34500 0
34546 0
34593 16
34639 0
34685 0
34732 0
34778 0
34824 0
34871 0
34917 0
34964 0
35011 0
35057 5
35104 0
35150 0
35197 0
35243 0
35289 0
35336 0
35382 0
35429 0
35475 0
35521 0
35568 0
35614 0
35660 0
35707 0
35753 0
35800 0
35846 0
35892 0
35939 0
35985 0
36033 960
36079 950
36125 950
36172 948
36218 948
36265 949
36311 950
36357 940
36404 950
36450 950
36496 947
36543 951
36589 951
36636 949
36682 949
36728 949
36775 949
36821 950
36867 950
36914 949
36960 952
37008 945
37054 951
37101 950
37147 953
37193 932
37240 949
37286 950
37332 953
37379 950
37425 952
37472 949
37518 949
37564 950
37611 950
37657 949
37703 950
37750 950
37796 950
37843 950
37889 953
37935 950
37982 949
38029 948
38076 954
38122 0
38168 0
38215 0
38261 0
38308 0
38354 0
38400 0
38447 0
38493 0
38539 0
38586 0
38632 0
38679 0
38725 0
38771 0
38818 0
38864 0
38911 0
38957 0
39004 0
39051 0
39097 0
39144 0
39190 0
39236 0
39283 0
39329 0
39375 0
39422 0
39468 39
39515 0
39561 0
39607 0
39654 0
39700 8
39747 0
39793 0
39839 0
39886 0
39932 0
39978 0
40026 0
40072 0
40119 0
40165 0
40211 950
40258 919
40304 949
40351 950
40397 949
40443 955
40490 935
40536 950
40582 949
40629 951
40675 946
40722 949
40768 949
40814 950
40861 949
40907 956
40954 950
41001 949
41047 950
41094 949
41140 945
41187 950
41233 950
41279 950
41326 952
41372 951
41418 949
41465 950
41511 949
41558 952
41604 953
41650 949
41697 952
41743 952
41790 949
41836 950
41882 940
41929 950
41975 948
42023 952
42069 950
42115 948
42162 950
42208 948
42254 0
42301 0
42347 0
42394 0
42440 0
42486 0
42533 12
42579 0
42626 0
42672 0
42718 23
42765 0
42811 0
42857 0
42904 0
42950 0
42998 9
43044 0
43090 0
43137 0
43183 9
43230 0
43276 0
43322 0
43369 0
43415 0
43462 0
43508 0
43554 0
43601 0
43647 0
43693 0
43740 0
43786 0
43833 0
43879 0
43925 0
43972 0
44019 0
44066 0
44112 0
44158 0
44205 0
44251 0
44297 0
44344 951
44390 932
44437 949
44483 949
44529 950
44576 939
44622 940
44669 950
44715 948
44761 950
44808 947
44854 947
44900 953
44947 950
44994 951
45041 921
45087 953
45133 950
45180 949
45226 950
45273 949
45319 950
45365 951
45412 950
45458 948
45505 950
45551 941
45597 950
45644 949
45690 951
45736 950
45783 951
45829 950
45876 950
45922 949
45968 929
46016 945
46062 950
46109 950
46155 951
46201 941
46248 931
46294 949
46341 949
46387 0
46433 0
46480 0
46526 0
46572 0
46619 0
46665 0
46712 0
46758 16
46804 0
46851 0
46897 0
46943 0
46991 0
47037 0
47084 0
47130 0
47177 0
47223 0
47269 0
47316 0
47362 0
47408 0
47455 0
47501 0
47548 0
47594 0
47640 0
47687 0
47733 0
47779 0
47826 0
47872 0
47919 0
47965 0
48012 0
48059 0
48105 0
48152 0
48198 0
48244 0
48291 7
48337 0
48384 0
48430 0
48476 950
48523 950
48569 949
48615 946
48662 949
48708 949
48755 949
48801 951
48847 949
48894 950
48940 949
48988 948
49035 950
49081 946
49127 950
49174 952
49220 950
49267 951
49313 950
49359 949
49406 971
49452 949
49498 951
49545 949
49591 967
49638 950
49684 942
49730 943
49777 950
49823 950
49870 951
49916 957
49962 949
50010 950
50056 950
50103 949
50149 950
50195 950
50242 950
50288 952
50334 952
50381 972
50427 949
50474 950
50520 0
50566 0
50613 0
50659 0
50705 0
50752 0
50798 0
50845 0
50891 17
50937 0
50984 0
51031 0
51078 0
51124 0
51170 0
51217 0
51263 0
51310 0
51356 0
51402 0
51449 0
51495 0
51541 0
51588 0
51634 0
51681 0
51727 0
51773 0
51820 0
51866 0
51913 0
51959 0
52006 0
52053 0
52099 0
52146 0
52192 0
52238 0
52285 0
52331 0
52377 0
52424 0
52470 0
52517 0
52563 0
52609 951
52656 954
52702 950
52749 951
52795 950
52841 949
52888 953
52934 949
52980 935
53028 948
53074 948
53121 949
53167 949
53213 949
53260 949
53306 948
53353 949
53399 946
53445 949
53492 949
53538 949
53584 951
53631 948
53677 949
53724 950
53770 952
53816 949
53863 949
53909 950
53956 947
54003 950
54049 948
54096 949
54142 949
54189 951
54235 950
54281 950
54328 951
54374 950
54420 953
54467 941
54513 948
54560 949
54606 945
54652 0
54699 0
54745 0
54792 0
54838 0
54884 0
54931 14
54977 0
55025 0
55071 0
55117 0
55164 0
55210 0
55256 0
55303 0
55349 0
55396 14
55442 0
55488 0
55535 0
55581 0
55628 0
55674 12
55720 0
55767 0
55813 0
55859 0
55906 0
55952 0
56000 0
56046 0
56092 0
56139 0
56185 0
56232 0
56278 0
56324 0
56371 0
56417 0
56464 0
56510 0
56556 0
56603 0
56649 0
56695 0
56742 951
56788 950
56835 950
56881 968
56927 949
56974 949
57021 947
57068 950
57114 956
57160 949
57207 950
57253 947
57299 945
57346 949
57392 950
57439 949
57485 950
57531 938
57578 950
57624 950
57671 949
57717 952
57763 943
57810 950
57856 963
57902 950
57949 945
57996 957
58043 950
58089 949
58135 949
58182 951
58228 949
58275 958
58321 950
58367 950
58414 949
58460 950
58507 971
58553 950
58599 950
58646 952
58692 948
58738 926
58785 948
58831 0
58878 0
58924 0
58970 0
59018 0
59064 0
59111 0
59157 17
59203 0
59250 0
59296 0
59343 0
59389 11
59435 0
59482 0
59528 0
59574 10
59621 0
59667 0
59714 0
59760 0
59806 0
59853 0
59899 10
59945 0
59993 0
60039 0
60086 0
60132 0
60179 0
60225 0
60271 0
60318 0
60364 0
60410 0
60457 0
60503 0
60550 0
60596 0
60642 0
60689 0
60735 0
60781 0
60828 0
60874 951
60921 950
60967 973
61014 969
61061 950
61107 949
61154 947
61200 1004
61246 947
61293 949
61339 951
61386 952
61432 973
61478 947
61525 949
61571 952
61617 950
61664 950
61710 949
61757 900
61803 950
61849 952
61896 948
61942 950
61990 956
62036 950
62082 934
62129 952
62175 951
62222 949
62268 949
62314 949
62361 947
62407 951
62453 950
62500 950
62546 950
62593 958
62639 948
62685 950
62732 943
62778 950
62824 949
62871 950
62917 950
62964 0
63011 0
63058 0
63104 0
63150 0
63197 0
63243 0
63289 0
63336 0
63382 0
63429 0
63475 0
63521 0
63568 0
63614 0
63660 0
63707 0
63753 0
63800 0
63846 0
63892 0
63939 0
63985 0
64033 0
64079 0
64125 0
64172 0
64218 0
64265 0
64311 0
64357 0
64404 0
64450 0
64496 7
64543 0
64589 0
64636 0
64682 0
64728 0
64775 0
64821 0
64867 0
64914 4
64960 0
65008 952
65054 948
65101 949
65147 948
65193 950
65240 950
65286 949
65332 962
65379 949
65425 951
65472 950
65518 950
65564 953
65611 950
65657 961
65703 950
65750 950
65796 949
65843 949
65889 961
65935 949
65982 950
66029 947
66076 949
66122 949
66168 950
66215 945
66261 950
66308 956
66354 944
66400 948
66447 950
66493 949
66539 951
66586 950
66632 950
66679 950
66725 950
66771 949
66818 950
66864 946
66911 949
66957 947
67004 984
67051 950
67097 0
67144 0
67190 17
67236 0
67283 0
67329 0
67375 0
67422 0
67468 0
67515 0
67561 0
67607 0
67654 0
67700 0
67747 0
67793 0
67839 0
67886 0
67932 0
67978 0
68026 0
68072 0
68119 0
68165 0
68211 0
68258 0
68304 0
68351 0
68397 0
68443 0
68490 0
68536 0
68582 0
68629 0
68675 0
68722 0
68768 0
68814 0
68861 0
68907 15
68954 0
69001 0
69047 0
69094 0
69140 947
69187 950
69233 950
69279 946
69326 950
69372 972
69418 950
69465 951
69511 948
69558 950
69604 963
69650 950
69697 946
69743 949
69790 950
69836 949
69882 949
69929 951
69975 950
70023 948
70069 950
70115 951
70162 948
70208 951
70254 953
70301 950
70347 949
70394 950
70440 962
70486 952
70533 950
70579 948
70626 949
70672 950
70718 950
70765 942
70811 949
70857 950
70904 937
70950 950
70998 970
71044 950
71090 946
71137 949
71183 950
71230 0
71276 0
71322 0
71369 0
71415 0
71462 0
71508 0
71554 0
71601 0
71647 0
71693 0
71740 0
71786 0
71833 0
71879 0
71925 0
71972 0
72019 0
72066 0
72112 0
72158 0
72205 0
72251 0
72297 0
72344 0
72390 0
72437 0
72483 0
72529 0
72576 0
72622 3
72669 0
72715 0
72761 0
72808 0
72854 0
72900 0
72947 0
72994 0
73041 0
73087 0
73133 0
73180 0
73226 0
73273 948
73319 950
73365 948
73412 950
73458 946
73505 947
73551 948
73597 948
73644 950
73690 940
73736 947
73783 948
73829 949
73876 950
73922 950
73968 949
74016 949
74062 954
74109 950
74155 949
74201 949
74248 954
74294 949
74341 943
74387 948
74433 950
74480 951
74526 949
74572 977
74619 953
74665 976
74712 950
74758 950
74804 951
74851 949
74897 965
74943 950
74991 950
75037 951
75084 949
75130 977
75177 951
75223 949
75269 951
75316 971
75362 0
75408 0
75455 0
75501 0
75548 0
75594 0
75640 0
75687 0
75733 0
75779 15
75826 0
75872 0
75919 0
75965 0
76012 0
76059 0
76105 0
76152 0
76198 0
76244 0
76291 0
76337 0
76384 0
76430 0
76476 0
76523 17
76569 0
76615 0
76662 0
76708 0
76755 53
76801 0
76847 0
76894 0
76940 0
76988 0
77035 0
77081 0
77127 0
77174 0
77220 0
77267 0
77313 0
77359 0
77406 0
77452 950
77498 949
77545 949
77591 922
77638 955
77684 950
77730 949
77777 949
77823 950
77870 951
77916 950
77962 950
78010 950
78056 939
78103 951
78149 949
78195 949
78242 950
78288 931
78334 949
78381 948
78427 949
78474 950
78520 950
78566 925
78613 944
78659 949
78705 949
78752 950
78798 949
78845 950
78891 949
78937 950
78984 949
79031 968
79078 950
79124 950
79170 948
79217 950
79263 953
79310 950
79356 949
79402 950
79449 926
79495 0
79541 0
79588 0
79634 0
79681 0
79727 0
79773 0
79820 0
79866 0
79913 0
79959 0
80006 0
80053 0
80099 0
80146 0
80192 0
80238 0
80285 0
80331 0
80377 0
80424 0
80470 0
80517 0
80563 0
80609 0
80656 0
80702 0
80749 0
80795 0
80841 0
80888 0
80934 0
80980 0
81028 0
81074 0
81121 0
81167 0
81213 0
81260 0
81306 7
81353 0
81399 0
81445 0
81492 0
81538 0
81584 950
81631 940
81677 950
81724 949
81770 947
81816 950
81863 951
81909 949
81956 949
82003 948
82049 949
82096 949
82142 950
82189 927
82235 951
82281 935
82328 950
82374 949
82420 950
82467 949
82513 951
82560 949
82606 950
82652 951
82699 947
82745 950
82792 950
82838 951
82884 951
82931 946
82977 951
83025 950
83071 950
83117 948
83164 946
83210 950
83256 951
83303 950
83349 951
83396 950
83442 950
83488 950
83535 950
83581 949
83628 0
83674 0
83720 0
83767 0
83813 0
83859 0
83906 0
83952 0
84000 0
84046 0
84092 0
84139 0
84185 0
84232 0
84278 0
84324 0
84371 0
84417 0
84464 0
84510 0
84556 0
84603 0
84649 0
84695 0
84742 0
84788 0
84835 0
84881 0
84927 0
84974 0
85021 0
85068 0
85114 0
85160 0
85207 0
85253 30
85299 0
85346 0
85392 0
85439 0
85485 0
85531 0
85578 0
85624 0
85671 0
85717 951
85763 953
85810 949
85856 949
85902 949
85949 960
85996 927
86043 949
86089 952
86135 950
86182 951
86228 972
86275 949
86321 949
86367 949
86414 951
86460 950
86507 949
86553 949
86599 951
86646 949
86692 950
86738 949
86785 950
86831 949
86878 950
86924 949
86970 951
87018 950
87064 951
87111 953
87157 946
87203 949
87250 950
87296 944
87343 951
87389 949
87435 950
87482 949
87528 951
87574 949
87621 959
87667 949
87714 948
87760 0
87806 0
87853 0
87899 0
87945 0
87993 0
88039 0
88086 0
88132 0
88179 0
88225 0
88271 0
88318 0
88364 0
88410 0
88457 0
88503 0
88550 0
88596 0
88642 0
88689 0
88735 0
88781 0
88828 0
88874 0
88921 0
88967 0
89014 0
89061 0
89107 0
89154 0
89200 0
89246 0
89293 0
89339 0
89386 0
89432 0
89478 0
89525 0
89571 0
89617 0
89664 0
89710 0
89757 0
89803 0
89849 951
89896 959
89942 950
89990 948
90036 951
90082 980
90129 978
90175 950
90222 949
90268 951
90314 952
90361 952
90407 949
90453 951
90500 949
90546 960
90593 949
90639 951
90685 950
90732 950
90778 950
90824 950
90871 952
90917 950
90964 945
91011 949
91058 950
91104 972
91150 949
91197 948
91243 949
91289 950
91336 941
91382 950
91429 949
91475 946
91521 948
91568 950
91614 949
91660 953
91707 904
91753 927
91800 949
91846 945
91892 0
91939 0
91985 10
92033 0
92079 0
92125 0
92172 0
92218 0
92265 0
92311 0
92357 0
92404 0
92450 0
92496 0
92543 0
92589 0
92636 0
92682 0
92728 14
92775 0
92821 0
92867 0
92914 0
92960 0
93008 0
93054 0
93101 0
93147 0
93193 0
93240 0
93286 0
93332 0
93379 0
93425 0
93472 0
93518 0
93564 0
93611 8
93657 0
93703 0
93750 0
93796 0
93843 0
93889 0
93935 0
93982 951
94029 947
94076 950
94122 949
94168 948
94215 951
94261 947
94308 950
94354 961
94400 951
94447 947
94493 952
94539 949
94586 950
94632 949
94679 951
94725 949
94771 957
94818 949
94864 951
94911 951
94957 950
95004 972
95051 950
95097 949
