48 748
74 737
101 698
127 676
153 653
180 632
206 613
233 591
259 571
285 550
312 548
338 520
364 500
391 501
417 465
444 446
470 428
496 423
523 397
549 419
576 375
602 357
629 354
656 333
682 324
709 316
735 302
761 295
788 280
814 272
840 258
867 255
893 243
920 233
946 222
972 226
999 211
1025 199
1052 193
1078 186
1104 178
1131 174
1157 172
1183 158
1210 151
1236 153
1263 150
1289 132
1315 134
1342 124
1368 119
1394 117
1421 108
1447 103
1474 107
1500 99
1526 95
1553 89
1579 62
1606 64
1633 78
1659 71
1686 69
1712 53
1739 69
1765 64
1791 81
1818 51
1844 48
1870 45
1897 40
1923 37
1950 38
1976 34
2002 34
2029 32
2055 36
2082 41
2108 73
2134 98
2161 122
2187 155
2213 153
2240 196
2266 213
2293 234
2319 246
2345 273
2372 292
2398 305
2424 325
2451 345
2477 359
2504 376
2530 393
2556 405
2583 420
2609 435
2637 451
2663 457
2689 474
2716 486
2742 499
2769 509
2795 518
2821 531
2848 528
2874 554
2900 562
2927 570
2953 580
2980 593
3006 602
3032 607
3059 617
3085 622
3111 632
3138 641
3164 642
3191 652
3217 662
3243 666
3270 668
3296 679
3323 698
3349 689
3375 698
3402 700
3428 707
3454 715
3481 746
3507 717
3534 727
3560 729
3586 736
3613 738
3640 755
3667 740
3693 754
3719 759
3746 761
3772 764
3799 769
3825 770
3851 772
3878 772
3904 779
3930 783
3957 781
3983 787
4010 789
4036 795
4062 794
4089 796
4115 799
4141 785
4168 760
4194 697
4221 688
4247 697
4273 659
4300 618
4326 619
4353 599
4379 579
4405 560
4432 540
4458 519
4484 502
4511 486
4537 471
4564 455
4590 440
4617 424
4644 409
4670 393
4697 415
4723 350
4749 351
4776 344
4802 332
4829 373
4855 302
4881 296
4908 259
4934 276
4960 269
4987 253
5013 249
5040 238
5066 238
5092 223
5119 213
5145 206
5171 199
5198 181
5224 155
5251 164
5277 168
5303 166
5330 161
5356 200
5383 136
5409 140
5435 135
5462 127
5488 87
5514 135
5541 139
5567 105
5594 101
5621 97
5647 101
5674 88
5700 86
5727 80
5753 78
5779 75
5806 70
5832 67
5858 64
5885 61
5911 57
5938 63
5964 0
5990 50
6017 47
6043 44
6070 41
6096 46
6122 45
6149 18
6175 56
6201 38
6228 62
6254 89
6281 44
6307 136
6333 158
6360 182
6386 202
6412 223
6439 247
6465 264
6492 283
6518 299
6544 318
6571 311
6597 362
6625 370
6651 386
6677 417
6704 398
6730 451
6757 475
6783 440
6809 465
6836 481
6862 495
6888 503
6915 508
6941 531
6968 541
6994 548
7020 553
7047 570
7073 582
7100 587
7126 596
7152 603
7179 611
7205 610
7231 622
7258 636
7284 646
7311 646
7337 658
7363 655
7390 673
7416 662
7442 686
7469 691
7495 695
7522 699
7548 705
7574 712
7601 715
7628 720
7655 727
7681 729
7707 737
7734 740
7760 746
7787 747
7813 736
7839 753
7866 759
7892 761
7918 766
7945 798
7971 786
7998 775
8024 777
8050 783
8077 785
8103 788
8130 788
8156 721
8182 799
8209 794
8235 796
8261 799
8288 768
8314 745
8341 722
8367 697
8393 671
8420 651
8446 642
8472 603
8499 590
8525 568
8552 543
8578 531
8604 513
8632 494
8658 477
8685 461
8711 450
8737 426
8764 463
8790 380
8817 390
8843 366
8869 365
8896 349
8922 336
8948 323
8975 314
9001 305
9028 290
9054 286
9080 286
9107 256
9133 251
9160 244
9186 235
9212 224
9239 202
9265 226
9291 203
9318 191
9344 186
9371 181
9397 230
9423 153
9450 158
9476 151
9502 149
9529 140
9555 136
9582 130
9608 126
9635 119
9662 113
9688 101
9715 106
9741 104
9767 91
9794 93
9820 74
9847 60
9873 69
9899 120
9926 69
9952 68
9978 61
10005 64
10031 60
10058 58
10084 55
10110 43
10137 43
10163 44
10189 43
10216 39
10242 38
10269 35
10295 29
10321 30
10348 49
10374 76
10401 102
10427 130
10453 149
10480 174
10506 192
10532 206
10559 239
10585 254
10612 273
10639 307
10666 312
10692 326
10718 348
10745 360
10771 378
10797 395
10824 409
10850 425
10877 435
10903 450
10929 464
10956 476
10982 489
11009 500
11035 513
11061 528
11088 556
11114 538
11140 555
11167 565
11193 571
11220 583
11246 593
11272 600
11299 610
11325 617
11351 634
11378 634
11404 638
11431 649
11457 658
11483 661
11510 658
11536 674
11563 672
11589 694
11616 693
11643 697
11669 705
11696 710
11722 700
11748 718
11775 722
11801 726
11827 733
11854 740
11880 680
11907 744
11933 748
11959 749
11986 757
12012 759
12039 762
12065 768
12091 759
12118 769
12144 777
12170 776
12197 784
12223 790
12250 788
12276 790
12302 796
12329 799
12355 775
12381 807
12408 780
12434 750
12461 730
12487 710
12513 686
12540 640
12566 638
12593 614
12620 601
12646 582
12673 620
12699 537
12726 521
12752 503
12778 468
12805 449
12831 476
12857 441
12884 423
12910 397
12937 393
12963 364
12989 364
13016 351
13042 343
13069 330
13095 318
13121 287
13148 273
13174 284
13200 276
13227 265
13253 258
13280 248
13306 239
13332 231
13359 222
13385 211
13411 208
13438 160
13464 194
13491 185
13517 175
13543 169
