48 851
94 837
141 807
187 819
233 804
280 792
326 777
373 746
419 745
465 728
512 710
558 690
604 672
651 652
697 632
744 612
790 592
836 570
883 548
929 528
975 505
1023 482
1069 461
1116 438
1162 416
1208 379
1255 372
1301 352
1348 331
1394 311
1440 291
1487 270
1533 249
1580 234
1626 215
1672 197
1719 182
1765 153
1811 154
1858 138
1904 127
1951 113
1998 131
2044 95
2091 87
2137 78
2184 70
2230 65
2276 59
2323 60
2369 56
2416 58
2462 61
2508 62
2555 80
2601 95
2647 113
2694 133
2740 152
2787 182
2833 205
2879 246
2926 281
2972 313
3020 354
3066 394
3112 428
3159 474
3205 510
3252 549
3298 587
3344 624
3391 670
3437 694
3483 745
3530 758
3576 783
3623 807
3669 831
3715 850
3762 869
3808 888
3854 885
3901 889
3947 892
3995 889
4041 921
4088 880
4134 851
4180 868
4227 860
4273 830
4319 843
4366 840
4412 821
4459 799
4505 796
4551 781
4598 770
4644 749
4690 734
4737 711
4783 712
4830 677
4876 658
4922 641
4969 617
5016 591
5063 575
5109 554
5155 530
5202 510
5248 491
5295 465
5341 442
5387 421
5434 366
5480 399
5526 357
5573 337
5619 316
5666 300
5712 275
5758 256
5805 239
5851 219
5897 201
5944 187
5991 169
6038 156
6084 169
6131 146
6177 118
6223 76
6270 98
6316 89
6362 80
6409 74
6455 67
6502 64
6548 61
6594 58
6641 58
6687 60
6733 66
6780 50
6826 91
6873 126
6919 128
6965 151
7013 178
7059 237
7106 224
7152 271
7198 306
7245 346
7291 381
7338 420
7384 483
7430 499
7477 540
7523 577
7569 615
7616 652
7662 687
7709 706
7755 751
7801 778
7848 804
7894 825
7941 845
7988 861
8034 873
8081 882
8127 888
8174 890
8220 887
8266 886
8313 878
8359 875
8405 874
8452 864
8498 853
8545 845
8591 835
8637 822
8684 835
8730 806
8776 785
8823 769
8869 756
8916 754
8962 719
9010 700
9056 680
9102 666
9149 629
9195 622
9241 600
9288 581
9334 559
9381 538
9427 522
9473 499
9520 471
9566 447
9612 426
9659 406
9705 383
9752 363
9798 340
9844 321
9891 296
9937 280
9984 261
10030 244
10077 225
10123 227
10169 191
10216 174
10262 161
10308 146
10355 133
10401 121
10448 111
10494 99
10540 93
10587 83
10633 76
10680 70
10726 64
10772 60
10819 58
10865 66
10911 60
10958 61
11005 127
11052 88
11098 134
11144 123
11191 162
11237 170
11284 199
11330 230
11376 263
11423 297
11469 334
11516 405
11562 410
11608 450
11655 490
11701 530
11747 568
11794 605
11840 643
11887 677
11933 702
11979 739
12027 772
12073 795
12120 822
12166 841
12212 857
12259 871
12305 879
12351 886
12398 892
12444 884
12491 880
12537 881
12583 874
12630 873
12676 865
12723 859
12769 848
12815 858
12862 827
12908 819
12954 803
13002 788
13048 784
13095 758
13141 716
13187 723
13234 705
13280 687
13327 668
13373 662
13419 627
13466 606
13512 588
13559 585
13605 544
13651 522
13698 499
13744 478
13790 461
13837 432
13883 410
13930 389
13976 367
14023 349
14070 326
14116 305
14163 283
14209 265
14255 245
14302 229
14348 214
14395 194
14441 177
14487 163
14534 150
14580 137
14626 124
14673 113
14719 101
14766 99
14812 85
14858 77
14905 74
14951 51
14999 60
15045 58
15091 56
15138 57
15184 63
15231 74
15277 83
15323 101
15370 116
15416 141
15462 164
15509 191
15555 222
15602 254
15648 345
15694 326
15741 362
15787 401
15833 458
15880 479
15926 519
15973 550
16020 597
16066 637
16113 646
16159 702
16206 735
16252 765
16298 791
16345 816
16391 836
16438 854
16484 868
16530 877
16577 885
16623 884
16669 889
16716 886
16762 878
16809 875
16855 852
16901 866
16948 859
16995 851
17042 840
17088 829
17134 818
17181 805
17227 792
17274 782
17320 761
17366 746
17413 728
17459 660
17505 693
17552 673
17598 652
17645 633
17691 634
17737 591
17784 570
17830 548
17876 528
17923 430
17969 481
18017 459
18063 437
18110 415
18156 390
18202 372
18249 350
18295 332
18341 314
18388 289
18434 271
18481 253
18527 234
18573 217
18620 195
18666 181
18712 166
18759 154
18805 141
18852 127
18898 108
18944 105
18992 96
19038 87
19085 83
19131 69
19177 67
19224 67
19270 60
19317 56
19363 53
19409 61
19456 67
19502 80
19548 96
19595 114
19641 133
19688 127
19734 184
19780 172
19827 247
19873 337
19920 316
19966 352
20013 314
20060 430
20106 475
20153 509
20199 539
20245 588
20292 624
20338 661
20384 692
20431 728
20477 757
20524 784
20570 810
20616 831
20663 848
20709 860
20755 857
20802 884
20848 889
20895 890
20941 895
20989 902
21035 879
21081 872
21128 872
21174 856
21220 854
21267 843
21313 832
21360 821
21406 807
21452 795
21499 787
21545 765
21591 750
21638 733
21684 713
21731 717
21777 677
21823 654
21870 638
21916 619
21963 596
22010 575
22056 552
22103 533
22149 521
22196 487
22242 465
22288 444
22335 420
22381 399
22427 378
22474 356
22520 335
22567 315
22613 316
22659 276
22706 256
22752 236
22799 242
22845 202
22891 185
22938 173
22984 155
23032 107
23078 130
23124 118
23171 110
23217 99
23263 88
23310 81
23356 67
23403 69
23449 81
23495 60
23542 57
23588 55
23635 59
23681 71
23727 77
23774 92
23820 108
23866 129
23913 151
23959 177
24007 208
24053 239
24099 273
24146 308
24192 346
24239 376
24285 420
24331 461
24378 502
24424 527
24471 585
24517 615
24563 652
24610 686
24656 719
24702 750
24749 779
24795 803
24842 826
24888 837
24934 860
24981 894
25028 882
25075 859
25121 891
25167 887
25214 884
25260 881
25306 875
25353 870
25399 874
25446 854
25492 845
25538 835
25585 824
25631 835
25678 798
25724 784
25770 771
25817 750
25863 737
25909 719
25956 698
26003 685
26050 663
26096 636
26142 621
26189 601
26235 579
26282 558
26328 537
26374 515
26421 492
26467 471
26514 448
26560 426
26606 433
26653 384
26699 377
26745 342
26792 322
26838 300
26885 281
26931 190
26977 242
27025 223
27071 210
27118 190
27164 173
27210 161
27257 151
27303 133
27350 122
27396 110
27442 100
27489 85
27535 82
27581 77
27628 68
27674 70
27721 65
27767 57
27813 55
27860 50
27906 42
27952 75
28000 88
28046 101
28093 121
28139 143
28186 171
28232 201
28278 230
28325 264
28371 299
28417 335
28464 373
28510 411
28557 452
28603 491
28649 529
28696 568
28742 603
28788 662
28835 678
28881 712
28928 742
28974 770
29021 796
29068 812
29114 839
29161 858
29207 864
29253 879
29300 889
29346 896
29393 889
29439 887
29485 883
29532 868
29578 871
29624 864
29671 857
29717 847
29764 823
29810 825
29856 815
29903 804
29949 804
29997 772
30043 757
30089 740
30136 721
30182 698
30229 674
30275 667
30321 647
30368 626
30414 600
30460 584
30507 564
30553 547
30600 520
30646 499
30692 476
30739 454
30785 433
30831 410
30878 387
30924 369
30971 357
31018 325
31065 335
31111 281
31157 265
31204 248
31250 229
31296 211
31343 194
31389 178
31436 163
31482 150
31528 137
31575 124
31621 114
31667 103
31714 94
31760 85
31807 68
31853 72
31899 66
31946 63
31993 55
32040 66
32086 58
32132 63
32179 72
32225 84
32272 96
32318 118
32364 141
32411 163
32457 195
32503 223
32550 255
32596 294
32643 326
32689 363
32735 401
32782 408
32828 481
32875 521
32921 560
32967 596
33015 635
33061 671
33108 704
33154 736
33200 766
33247 793
33293 816
33339 837
33386 855
33432 864
33479 881
33525 885
33571 890
33618 890
33664 883
33710 882
33757 878
33803 874
33850 866
33896 859
33942 849
33990 840
34036 831
34083 815
34129 803
34175 791
34222 776
34268 761
34315 745
34361 727
34407 709
34454 692
34500 672
34546 653
34593 634
34639 606
34686 591
34732 568
34778 548
34825 523
34871 512
34918 483
34964 460
35011 437
35058 421
35104 417
35151 372
35197 351
35243 330
35290 309
35336 289
35382 271
35429 251
35475 233
35522 218
35568 198
35614 188
35661 167
35707 148
35754 142
35800 128
35846 125
35893 105
35939 97
35985 88
36033 78
36079 73
36126 68
36172 58
36218 60
36265 23
36311 55
36358 63
36404 59
36450 65
36497 101
36543 112
36589 134
36636 155
36682 213
36729 219
36775 247
36821 280
36868 314
36914 353
36961 392
37008 433
37054 471
37101 510
37147 556
37194 588
37240 625
37286 662
37333 695
37379 728
37425 759
37472 787
37518 811
37565 808
37611 850
37657 864
37704 875
37750 884
37797 891
37843 890
37889 878
37936 884
37982 879
38030 875
38076 868
38122 872
38169 851
38215 843
38261 833
38308 821
38354 815
38401 795
38447 782
38493 765
38540 756
38586 731
38633 714
38679 697
38725 675
38772 641
38818 636
38864 615
38911 597
38957 573
39005 575
39051 531
39097 510
39144 486
39190 468
39237 444
39283 420
39329 398
39376 377
39422 356
39469 339
39515 314
39561 293
39608 276
39654 257
39700 238
39747 213
39793 199
39840 187
39886 171
39932 153
39979 123
40026 129
40073 118
40119 105
40165 97
40212 88
40258 82
40304 73
40351 69
40397 64
40444 60
40490 58
40536 54
40583 51
40629 37
40676 77
40722 92
40768 110
40815 110
40861 152
40907 178
40954 206
41001 240
41048 260
41094 308
41140 346
41187 381
41233 422
41280 462
41326 501
41372 545
41419 579
41465 616
41512 654
41558 687
41604 725
41651 752
41697 779
41743 805
41790 820
41836 845
41883 862
41929 875
41975 881
42023 887
42069 890
42116 887
42162 885
42208 883
42255 875
42301 871
42348 863
42394 854
42440 845
42487 827
42533 824
42579 810
42626 798
42672 789
42719 771
42765 756
42811 737
42858 717
42904 701
42950 681
42998 662
43044 637
43091 621
43137 600
43184 579
43230 554
43276 536
43323 515
43369 493
43415 476
43462 450
43508 426
43555 403
43601 384
43647 359
43694 340
43740 320
43786 300
43833 280
43879 232
43926 242
43972 225
44019 207
44066 191
44112 169
44159 159
44205 147
44251 135
44298 120
44344 108
44391 108
44437 90
44483 85
44530 73
44576 69
44622 66
44669 63
44715 56
44762 57
44808 58
44854 67
44901 74
44947 88
44995 103
45041 124
45087 146
45134 171
45180 209
45227 235
45273 265
45319 299
45366 336
45412 373
45458 413
45505 444
45551 491
45598 531
45644 571
45690 598
45737 641
45783 680
45829 712
45876 744
45922 764
45969 802
46016 821
46063 842
46109 858
46155 880
46202 880
46248 886
46294 892
46341 893
46387 883
46434 882
46480 877
46526 877
46573 861
46619 857
46665 849
46712 838
46758 826
46805 798
46851 801
46897 789
46944 773
46991 756
47038 735
47084 722
47130 709
47177 685
47223 667
47270 646
47316 626
47362 606
47409 583
47455 566
47501 543
47548 518
47594 504
47641 476
47687 454
47733 429
47780 431
47826 387
47873 366
47919 347
47965 325
48013 301
48059 284
48106 266
48152 248
48198 227
48245 212
48291 194
48337 177
48384 164
48430 150
48477 132
48523 124
48569 111
48616 103
48662 98
48708 84
48755 77
48801 72
48848 65
48894 61
48940 56
48988 55
49034 58
49081 62
49127 73
49173 84
49220 86
49266 118
49313 141
49359 165
49405 192
49452 224
49498 256
49544 293
49591 327
49637 364
49684 403
49730 441
49776 481
49823 510
49869 559
49916 597
49962 634
50009 672
50056 707
50102 738
50149 766
50195 793
50241 817
50288 834
50334 855
50380 868
50427 879
50473 886
50520 891
50566 888
50612 886
50659 882
50705 879
50751 873
50798 873
50844 852
50891 848
50937 840
50983 828
51030 813
51076 806
51123 791
51169 778
51215 762
51262 745
51308 728
51355 709
51401 693
51447 690
51494 651
51540 632
51586 612
51633 590
51679 570
51726 548
51772 527
51818 505
51865 482
51911 458
51957 437
52005 420
52051 393
52098 372
52144 351
52191 331
52237 313
52283 289
52330 270
52376 252
52422 237
52469 227
52515 199
52562 182
52608 168
52654 152
52701 140
52747 127
52793 116
52840 105
52886 92
52933 88
52979 116
53026 72
53073 38
53119 46
53166 59
53212 57
53258 56
53305 61
53351 69
53398 85
53444 95
53490 114
53537 132
53583 157
53629 211
53676 216
53722 246
53769 282
53815 306
53861 323
53908 392
53954 430
54002 472
54048 507
54094 555
54141 588
54187 627
54234 663
54280 695
54326 728
54373 759
54419 786
54465 810
54512 840
54558 849
54605 866
54651 876
54697 874
54744 888
54790 888
54836 886
54883 883
54929 884
54976 871
55023 867
55070 863
55116 853
55162 841
55209 833
55255 820
55301 808
55348 795
55394 783
55441 764
55487 738
55533 731
55580 702
55626 695
55672 676
55719 655
55765 636
55812 618
55858 599
55904 596
55951 554
55998 532
56045 511
56091 487
56137 462
56184 442
56230 420
56277 398
56323 377
56369 356
56416 336
56462 316
56508 296
56555 273
56601 257
56648 238
56694 215
56740 203
56787 187
56833 171
56880 150
56926 143
56972 130
57020 118
57066 107
57113 94
57159 89
57205 81
57252 74
57298 68
57344 91
57391 60
57437 56
57484 56
57530 55
57576 66
57623 77
57669 91
57715 108
57762 128
57808 152
57855 177
57901 209
57947 236
57995 271
58041 308
58088 346
58134 381
58180 413
58227 463
58273 501
58320 541
58366 579
58412 624
58459 653
58505 692
58551 720
58598 752
58644 779
58691 805
58737 843
58783 846
58830 862
58876 873
58923 882
58969 890
59016 889
59063 891
59109 881
59156 876
59202 876
59248 870
59295 862
59341 854
59387 839
59434 835
59480 804
59527 811
59573 800
59619 782
59666 767
59712 754
59759 736
59805 736
59851 700
59898 681
59944 661
59992 640
60038 629
60084 600
60131 580
60177 560
60223 537
60270 515
60316 492
60363 471
60409 448
60455 424
60502 406
60548 382
60595 371
60641 342
60687 321
60734 300
60780 281
60826 260
60873 243
60919 226
60966 204
61013 188
61059 175
61106 159
61152 145
61199 133
61245 112
61291 110
61338 101
61384 91
61430 85
61477 68
61523 71
61570 62
61616 61
61662 60
61709 54
61755 59
61802 66
61848 74
61894 89
61941 104
61988 124
62035 145
62081 145
62127 218
62174 232
62220 272
62266 299
62313 336
62359 373
62406 409
62452 452
62498 491
62545 531
62591 569
62638 599
62684 644
62730 679
62777 710
62823 740
62869 763
62916 799
62962 821
63010 841
63056 860
63102 896
63149 881
63195 884
63242 894
63288 887
63334 886
63381 882
63427 877
63474 872
63520 859
63566 856
63613 850
63659 837
63705 814
63752 816
63798 802
63845 773
63891 773
63937 757
63984 741
64031 722
64078 705
64124 686
64170 665
64217 644
64263 626
64310 605
64356 585
64402 563
64449 544
64495 516
64541 498
64588 475
64634 450
64681 431
64727 415
64773 388
64820 368
64866 343
64913 346
64959 304
65006 284
65053 265
65099 248
65146 221
65192 210
65238 194
65285 178
65331 163
65377 150
65424 134
65470 124
65517 118
65563 98
65609 93
65656 84
65702 78
65748 70
65795 67
65841 61
65888 65
65934 56
65980 57
66028 63
66074 71
66121 92
66167 99
66213 119
66260 138
66306 164
66353 193
66399 223
66445 248
66492 291
66538 316
66584 365
66631 401
66677 441
66724 484
66770 535
66816 560
66863 598
66909 635
66956 667
67003 707
67049 737
67096 767
67142 793
67189 804
67235 836
67281 854
67328 868
67374 879
67420 887
67467 889
67513 861
67560 886
67606 883
67652 875
67699 872
67745 883
67792 858
67838 850
67884 837
67931 829
67977 817
68025 805
68071 849
68117 776
68164 760
68210 743
68256 728
68303 709
68349 690
68396 669
68442 651
68488 631
68535 611
68581 588
68627 567
68674 549
68720 524
68767 504
68813 502
68859 457
68906 434
68952 415
69000 393
69046 372
69092 351
69139 329
69185 311
69232 289
69278 269
69324 251
69371 214
69417 216
69463 197
69510 188
69556 167
69603 141
69649 139
69695 108
69742 113
69788 93
69835 96
69881 88
69927 80
69974 75
70021 67
70068 62
70114 60
70160 56
70207 61
70253 61
70299 70
70346 80
70392 96
70439 115
70485 131
70531 159
70578 187
70624 214
70671 260
70717 283
70763 318
70810 354
70856 393
70902 432
70949 472
70996 513
71043 552
71089 588
71135 627
71182 662
71228 696
71275 729
71321 759
71367 788
71414 810
71460 832
71507 851
71553 867
71599 874
71646 885
71692 889
71738 890
71785 887
71831 854
71878 861
71924 874
71970 868
72018 862
72064 853
72111 853
72157 832
72203 822
72250 808
72296 795
72342 779
72389 768
72435 749
72482 730
72528 732
72574 695
72621 676
72667 657
72714 637
72760 616
72806 596
72853 577
72899 553
72945 541
72993 509
73039 484
73086 463
73132 441
73178 418
73225 401
73271 376
73318 356
73364 336
73410 316
73457 284
73503 276
73550 256
73596 238
73642 215
73689 175
73735 206
73781 170
73828 155
73874 141
73921 134
73967 120
74014 108
74061 97
74107 88
74154 77
74200 73
74246 68
74293 63
74339 57
74386 55
74432 54
74478 60
74525 68
74571 79
74617 90
74664 109
74710 130
74757 152
74803 180
74849 211
74896 245
74942 272
74990 310
75036 347
75082 384
75129 414
75175 462
75222 503
75268 542
75314 580
75361 616
75407 654
75453 663
75500 721
75546 771
75593 778
75639 806
75685 828
75732 846
75778 874
75824 873
75871 882
75917 887
75964 890
76011 887
76057 884
76104 880
76150 877
76197 878
76243 863
76289 854
76336 845
76382 834
76429 825
76475 810
76521 798
76568 783
76614 768
76660 753
76707 736
76753 717
76800 701
76846 677
76892 661
76939 604
76985 609
77033 600
77079 576
77125 559
77172 536
77218 498
77265 492
77311 469
77357 449
77404 429
77450 403
77496 382
77543 361
77589 341
77636 314
77682 299
77728 310
77775 260
77821 239
77867 224
77914 206
77960 190
78008 174
78054 183
78101 142
78147 134
78193 120
78240 110
78286 100
78332 90
78379 83
78425 75
78472 69
78518 63
78564 61
78611 84
78657 56
78703 61
78750 65
78796 76
78843 106
78889 105
78935 126
78982 144
79029 118
79076 202
79122 232
79168 266
79215 302
79261 326
79308 375
79354 408
79400 454
79447 494
79493 535
79539 571
79586 608
79632 642
79679 667
79725 714
79771 745
79818 774
79864 799
79911 777
79957 841
80004 858
80051 872
80097 880
80144 888
80190 892
80236 888
80283 884
80329 882
80375 874
80422 872
80468 861
80515 855
80561 848
80607 838
80654 826
80700 814
80747 802
80793 788
80839 772
80886 754
80932 740
80978 722
81026 701
81072 683
81119 661
81165 645
81211 626
81258 605
81304 584
81351 564
81397 543
81443 517
81490 502
81536 474
81582 453
81629 432
81675 406
81722 388
81768 371
81814 345
81861 313
81907 304
81954 285
82001 265
82047 247
82094 225
82140 211
82187 193
82233 176
82279 163
82326 149
82372 135
82418 125
82465 112
82511 99
82558 93
82604 85
82650 76
82697 77
82743 73
82790 63
82836 58
82882 53
82929 56
82975 61
83023 71
83069 85
83115 102
83162 125
83208 142
83254 166
83301 194
83347 225
83394 255
83440 291
83486 349
83533 364
83579 405
83626 440
83672 484
83718 526
83765 561
83811 599
83857 636
83904 670
83950 704
83998 737
84044 774
84090 796
84137 810
84183 837
84230 855
84276 868
84322 879
84369 886
84415 890
84462 901
84508 886
84554 885
84601 881
84647 872
84693 864
84740 859
84786 854
84833 840
84879 829
84925 817
84972 805
85019 787
85066 776
85112 760
85158 747
85205 739
85251 706
85297 689
85344 679
85390 651
85437 634
85483 607
85529 587
85576 568
85622 548
85669 528
85715 503
85761 482
85808 458
85854 436
85900 416
85947 388
85994 369
86041 350
86087 329
86133 309
86180 287
86226 291
86273 250
86319 233
86365 215
86412 181
86458 181
86505 166
86551 151
86597 138
86644 131
86690 115
86736 104
86783 98
86829 86
86876 82
86922 73
86968 56
87016 58
87062 74
87109 72
87155 56
87201 63
87248 70
87294 82
87341 96
87387 126
87433 136
87480 160
87526 182
87572 217
87619 254
87665 283
87712 319
87758 355
87804 396
87851 435
87897 472
87943 514
87991 549
88037 596
88084 627
88130 663
88177 697
88223 729
88269 757
88316 787
88362 811
88408 837
88455 853
88501 841
88548 875
88594 884
88640 894
88687 891
88733 890
88779 884
88826 877
88872 874
88919 827
88965 859
89012 851
89059 840
89105 831
89152 821
89198 808
89244 796
89291 780
89337 764
89384 749
89430 730
89476 712
89523 694
89569 673
89615 657
89662 607
89708 615
89755 594
89801 573
89847 551
89894 525
89940 509
89988 486
90035 464
90081 441
90127 445
90174 397
90220 377
90267 352
90313 334
90359 314
90406 294
90452 276
90498 255
90545 232
90591 261
90638 202
90684 194
90730 170
90777 157
90823 108
90870 129
90916 119
90962 106
91010 97
91056 87
91103 80
91149 73
91195 53
91242 64
91288 59
91334 57
91381 54
91427 62
91474 68
91520 81
91566 92
91613 110
91659 131
91705 154
91752 183
91798 209
91845 240
91891 276
91937 339
91984 318
92031 386
92078 429
92124 465
92170 502
92217 521
92263 581
92310 620
92356 657
92402 668
92449 723
92495 752
92541 783
92588 806
92634 816
92681 847
92727 867
92773 874
92820 881
92866 888
92913 898
92959 887
93006 888
93053 895
93099 876
93146 869
93192 854
93238 855
93285 844
93331 834
93377 822
93424 810
93470 798
93517 782
93563 767
93609 745
93656 734
93702 718
93749 698
93795 689
93841 668
93888 640
93934 621
93980 592
94028 545
94074 556
94121 537
94167 514
94213 494
94260 495
94306 446
94353 424
94399 400
94445 347
94492 351
94538 339
94584 318
94631 299
94677 287
94724 260
94770 238
94816 223
94863 206
94909 190
94956 172
95003 158
95049 148
95096 132
