48 795
65 771
81 761
97 741
114 724
130 710
146 693
163 690
179 665
196 652
212 641
228 627
245 617
261 600
277 589
294 578
310 565
327 560
343 547
359 572
376 519
392 510
409 521
425 478
441 463
458 462
474 462
490 442
507 435
523 390
540 420
556 403
572 401
589 393
605 382
621 373
638 363
654 350
671 350
687 345
704 338
721 329
737 325
754 313
770 307
786 301
803 294
819 287
836 280
852 308
868 271
885 265
901 259
917 233
934 241
950 230
967 231
983 229
999 223
1016 227
1032 236
1048 232
1065 203
1081 204
1098 192
1114 184
1130 185
1147 177
1163 175
1180 166
1196 169
1212 161
1229 161
1245 154
1261 151
1278 148
1294 146
1311 140
1327 110
1343 114
1360 112
1376 179
1392 124
1409 130
1425 134
1442 98
1458 117
1474 109
1491 107
1507 102
1524 101
1540 99
1556 93
1573 89
1589 90
1605 87
1622 84
1638 80
1655 83
1671 76
1687 68
1705 70
1721 70
1738 67
1754 65
1770 64
1787 60
1803 55
1820 60
1836 55
1852 54
1869 65
1885 50
1901 43
1918 48
1934 31
1951 44
1967 41
1983 36
2000 38
2016 46
2032 33
2049 41
2065 33
2082 29
2098 29
2114 19
2131 29
2147 26
2164 17
2180 15
2196 19
2213 18
2229 17
2245 16
2262 4
2278 10
2295 15
2311 13
2327 11
2344 41
2360 3
2376 4
2393 5
2409 4
2426 0
2442 1
2458 0
2475 7
2491 4
2508 0
2524 0
2540 0
2557 0
2573 0
2589 1
2606 0
2622 0
2639 0
2655 2
2671 0
2688 0
2705 0
2722 0
2738 0
2754 0
2771 0
2787 0
2803 0
2820 0
2836 0
2853 0
2869 0
2885 9
2902 26
2918 63
2935 66
2951 65
2967 91
2984 110
3000 124
3016 116
3033 139
3049 248
3066 174
3082 195
3098 199
3115 219
3131 233
3147 245
3164 257
3180 267
3197 280
3213 291
3229 303
3246 313
3262 322
3279 334
3295 346
3311 358
3328 367
3344 373
3360 396
3377 434
3393 405
3410 414
3426 425
3442 446
3459 456
3475 478
3491 452
3508 465
3524 479
3541 488
3557 485
3573 497
3590 504
3606 508
3623 512
3639 529
3655 533
3672 537
3688 546
3706 550
3722 557
3738 565
3755 569
3771 577
3787 582
3804 590
3820 592
3837 598
3853 600
3869 608
3886 613
3902 618
3919 624
3935 629
3951 566
3968 630
3984 659
4000 649
4017 600
4033 652
4050 642
4066 665
4082 669
4099 670
4115 666
4131 679
4148 729
4164 683
4181 687
4197 697
4213 699
4230 700
4246 704
4263 703
4279 704
4295 710
4312 717
4328 718
4344 725
4361 731
4377 709
4394 729
4410 734
4426 745
4443 762
4459 730
4475 723
4492 749
4508 749
4525 754
4541 753
4557 723
4574 762
4590 764
4607 764
4623 762
4639 710
4656 767
4672 769
4688 774
4706 773
4722 777
4739 776
4755 781
4771 776
4788 785
4804 785
4821 788
4837 790
4853 789
4870 779
4886 796
4902 797
4919 798
4935 800
4952 803
4968 800
4984 819
5001 834
5017 807
5034 753
5050 811
5066 809
5083 819
5099 818
5115 814
5132 816
5148 811
5165 788
5181 803
5197 845
5214 819
5230 817
5246 824
5263 823
5279 827
5296 826
5312 824
5328 804
5345 817
5361 810
5378 828
5394 829
5410 833
5427 833
5443 809
5459 822
5476 832
5492 837
5509 837
5525 837
5541 841
5558 867
5574 891
5590 844
5607 839
5623 843
5640 880
5656 841
5672 841
5689 851
5706 847
5723 838
5739 823
5755 802
5772 792
5788 772
5805 756
5821 737
5837 722
5854 709
5870 691
5886 681
5903 664
5919 650
5936 636
5952 627
5968 629
5985 606
6001 583
6018 574
6034 560
6050 557
6067 547
6083 525
6099 517
6116 507
6132 496
6149 483
6165 485
6181 461
6198 450
6214 448
6230 427
6247 424
6263 418
6280 411
6296 399
6312 390
6329 383
6345 373
6362 366
6378 357
6394 350
6411 342
6427 334
6443 323
6460 310
6476 304
6493 278
6509 301
6525 291
6542 300
6558 272
6574 293
6591 268
6607 263
6624 257
6640 228
6656 232
6673 241
6689 230
6707 229
6723 223
6739 217
6756 213
6772 210
6789 203
6805 198
6821 195
6838 190
6854 183
6870 183
6887 177
6903 171
6920 168
6936 165
6952 159
6969 152
6985 101
7001 133
7018 145
7034 142
7051 131
7067 142
7083 133
7100 123
7116 123
7133 120
7149 133
7165 113
7182 107
7198 105
7214 103
7231 102
7247 99
7264 94
7280 92
7296 91
7313 90
7329 87
7345 85
7362 80
7378 76
7395 75
7411 71
7427 72
7444 70
7460 50
7477 65
7493 64
7509 60
7526 58
7542 58
7558 60
7575 77
7591 59
7608 49
7624 49
7640 75
7657 31
7673 91
7689 42
7707 38
7723 37
7740 36
7756 29
7773 30
7789 31
7805 31
7822 27
7838 28
7854 58
7871 10
7887 22
7904 15
7920 19
7936 19
7953 17
7969 20
7985 17
8002 2
8018 14
8035 14
8051 11
8067 14
8084 7
8100 59
8117 9
8133 4
8149 11
8166 9
8182 2
8198 1
8215 1
8231 2
8248 0
8264 0
8280 0
8297 0
8313 0
8329 0
8346 0
8362 0
8379 0
8395 0
8411 0
8428 0
8444 0
8461 0
8477 0
8493 4
8510 0
8526 0
8542 0
8559 0
8575 0
8592 0
8608 14
8624 22
8641 64
8657 61
8673 162
8690 96
8707 110
8724 123
8740 139
8756 154
8773 173
8789 180
8806 192
8822 212
8838 216
8855 239
8871 247
8888 259
8904 268
8920 283
8937 293
8953 306
8969 316
8986 327
9002 334
9019 348
9035 361
9051 369
9068 399
9084 394
9100 403
9117 406
9133 414
9150 437
9166 468
9182 462
9199 449
9215 460
9232 470
9248 475
9264 470
9281 489
9297 501
9313 500
9330 511
9346 517
9363 526
9379 532
9395 543
9412 544
9428 550
9444 561
9461 562
9477 580
9494 552
9510 580
9526 588
9543 591
9559 596
9576 601
9592 615
9608 614
9625 615
9641 636
9657 628
9674 629
9690 636
9708 645
9724 647
9740 654
9757 654
9773 660
9790 666
9806 652
9822 686
9839 675
9855 680
9872 680
9888 681
9904 691
9921 695
9937 699
9953 701
9970 655
9986 734
10003 711
10019 714
10035 717
10052 719
10068 726
10084 723
10101 743
10117 767
10134 738
10150 718
10166 752
10183 728
10199 744
10216 756
10232 751
10248 759
10265 755
10281 753
10297 760
10314 760
10330 766
10347 765
10363 767
10379 768
10396 773
10412 776
10428 779
10445 778
10461 779
10478 781
10494 799
10510 786
10527 788
10543 788
10560 791
10576 787
10592 797
10609 776
10625 761
10641 803
10658 803
10674 733
10691 802
10708 808
10724 803
10741 810
10757 809
10774 811
10790 812
10806 811
10823 812
10839 807
10855 816
10872 816
10888 811
10905 820
10921 821
10937 821
10954 821
10970 823
10987 835
11003 825
11019 827
11036 828
11052 828
11068 829
11085 829
11101 824
11118 822
11134 835
11150 834
11167 836
11183 842
11199 804
11216 835
11232 836
11249 836
11265 822
11281 846
11298 836
11314 835
11331 838
11347 838
11363 843
11380 839
11396 846
11412 852
11429 846
11445 840
11462 820
11478 803
11494 786
11511 767
11527 754
11543 738
11560 725
11576 691
11593 692
11609 677
11625 691
11642 642
11658 632
11675 622
11691 615
11708 596
11725 584
11741 571
11758 560
11774 540
11790 537
11807 521
11823 515
11839 505
11856 488
11872 482
11889 486
11905 462
11921 454
11938 444
11954 432
11971 426
11987 418
12003 402
12020 391
12036 392
12052 380
12069 371
12085 361
12102 380
12118 363
12134 341
12151 335
12167 318
12183 319
12200 320
12216 363
12233 301
12249 292
12265 292
12282 273
12298 293
12315 267
12331 264
12347 258
12364 297
12380 242
12396 237
12413 231
12429 225
12446 222
12462 217
12478 214
12495 208
12511 205
12527 197
12544 194
12560 188
12577 184
12593 184
12609 163
12626 153
12642 167
12659 164
12675 163
12691 169
12709 150
12725 148
12742 144
12758 135
12774 141
12791 136
12807 127
12823 113
12840 126
12856 120
12873 121
12889 131
12905 113
12922 109
12938 102
12954 102
12971 99
12987 96
13004 91
13020 90
13036 88
13053 86
13069 84
13086 80
13102 80
13118 77
13135 75
13151 71
13167 69
13184 72
13200 77
13217 49
13233 140
13249 59
13266 55
13282 28
13298 18
13315 51
13331 52
13348 47
13364 46
13380 44
13397 39
13413 40
13430 40
13446 37
13462 36
13479 34
13495 31
13511 24
13528 28
13544 29
13561 26
13577 24
13593 24
13610 13
13626 42
13642 20
13659 20
13675 23
13692 9
13709 15
13726 16
13742 12
13758 11
13775 15
13791 15
13807 6
13824 6
13840 13
13857 4
13873 0
13889 8
13906 0
13922 0
13938 2
13955 1
13971 0
13988 0
14004 0
14020 0
14037 0
14053 0
14070 0
14086 0
14102 0
14119 0
14135 0
14151 0
14168 0
14184 0
14201 0
14217 0
14233 0
14250 0
14266 0
14282 0
14299 0
14315 0
14332 23
14348 29
14364 51
14381 66
14397 82
14414 100
14430 111
14446 126
14463 142
14479 155
14495 171
14512 184
14528 192
14545 210
14561 223
14577 236
14594 249
14610 265
14626 260
14643 282
14659 296
14676 311
14692 313
14709 328
14726 340
14742 350
14759 363
14775 368
14791 380
14808 395
14824 396
14841 416
14857 418
14873 424
14890 467
14906 413
14922 449
14939 455
14955 467
14972 475
14988 485
15004 490
15021 500
15037 506
15053 513
15070 520
15086 525
15103 530
15119 540
15135 546
15152 553
15168 560
15185 565
15201 570
15217 608
15234 564
15250 643
15266 590
15283 589
15299 579
15316 600
15332 612
15348 618
15365 626
15381 628
15397 636
15414 644
15430 642
15447 645
15463 651
15479 656
15496 658
15512 665
15529 665
15545 672
15561 679
15578 679
15594 686
15610 687
15627 686
15643 695
15660 698
15676 701
15692 705
15710 708
15726 711
15743 715
15759 712
15775 719
15792 725
15808 739
15825 717
15841 761
15857 773
15874 741
15890 728
15906 760
15923 743
15939 741
15956 751
15972 749
15988 756
16005 758
16021 761
16037 761
16054 756
16070 766
16087 767
16103 772
16119 774
16136 774
16152 778
16169 779
16185 779
16201 781
16218 785
16234 788
16250 783
16267 790
16283 781
16300 795
16316 801
16332 759
16349 797
16365 804
16381 800
16398 806
16414 853
16431 808
16447 805
16463 804
16480 799
16496 811
16513 810
16529 817
16545 817
16562 814
16578 817
16594 818
16611 817
16627 817
16644 820
16660 822
16676 822
16693 822
16710 823
16727 825
16743 828
16759 823
16776 830
16792 831
16808 813
16825 831
