48 682
74 694
100 709
127 722
153 735
180 749
206 762
232 773
259 784
285 795
312 805
338 815
364 798
391 831
417 840
443 847
470 855
496 861
523 879
549 866
575 874
602 876
628 882
654 885
681 887
707 889
734 891
760 890
786 887
813 885
839 881
866 879
892 876
918 871
945 869
971 860
999 853
1025 848
1051 839
1078 832
1104 756
1130 789
1157 807
1183 792
1210 784
1236 773
1262 765
1289 751
1315 738
1342 700
1368 710
1394 698
1421 683
1447 667
1473 652
1500 637
1526 623
1553 607
1579 592
1605 578
1632 560
1658 543
1684 528
1711 512
1737 497
1764 480
1790 462
1816 445
1843 431
1869 411
1896 396
1922 381
1948 366
1975 349
2002 333
2029 319
2055 301
2081 287
2108 272
2134 259
2160 245
2187 227
2213 216
2240 205
2266 193
2292 181
2319 169
2345 158
2372 150
2398 141
2424 138
2451 121
2477 112
2503 104
2530 96
2556 153
2583 83
2609 79
2635 74
2662 69
2688 67
2714 63
2741 60
2767 57
2794 54
2820 56
2846 61
2873 57
2899 72
2926 72
2952 70
2978 74
3006 77
3032 86
3059 92
3085 99
3111 103
3138 110
3164 116
3190 132
3217 140
3243 149
3270 158
3296 167
3322 181
3349 194
3375 207
3401 220
3428 233
3454 247
3481 257
3507 275
3533 289
3560 304
3586 321
3613 338
3639 355
3665 367
3692 382
3718 398
3744 417
3771 430
3797 449
3824 466
3850 481
3876 498
3903 515
3929 532
3955 548
3982 563
4009 580
4036 595
4062 608
4089 628
4115 643
4141 657
4168 672
4194 685
4220 701
4247 695
4273 725
4300 741
4326 752
4352 765
4379 777
4405 790
4431 803
4458 805
4484 817
4511 828
4537 837
4563 840
4590 853
4616 856
4643 862
4669 868
4695 873
4722 876
4748 902
4774 898
4801 886
4827 888
4854 891
4880 893
4906 887
4933 884
4959 884
4985 881
5013 879
5039 823
5066 868
5092 886
5119 858
5145 853
5171 846
5198 834
5224 829
5250 821
5277 812
5303 803
5330 793
5356 781
5382 768
5409 757
5435 746
5462 733
5488 740
5514 702
5541 688
5567 679
5593 663
5620 648
5646 633
5673 617
5699 602
5725 587
5752 571
5778 553
5804 539
5831 523
5857 506
5884 490
5910 473
5936 456
5963 439
5990 422
6017 406
6043 390
6069 375
6096 358
6122 346
6149 330
6175 328
6201 297
6228 284
6254 267
6280 255
6307 233
6333 225
6360 213
6386 201
6412 184
6439 173
6465 166
6492 155
6518 144
6544 135
6571 123
6597 117
6623 109
6650 101
6676 95
6703 88
6729 82
6755 58
6782 62
6808 95
6834 64
6861 63
6887 60
6914 47
6940 69
6966 81
6994 56
7020 61
7047 63
7073 70
7099 71
7126 76
7152 81
7179 86
7205 92
7231 100
7258 109
7284 116
7310 122
7337 132
7363 136
7390 158
7416 156
7442 174
7469 185
7495 198
7522 201
7548 222
7574 248
7601 251
7627 266
7653 279
7680 295
7706 310
7733 326
7759 341
7785 356
7812 372
7838 389
7864 407
7891 420
7917 437
7944 454
7970 471
7997 486
8024 502
8050 521
8077 537
8103 554
8129 570
8156 559
8182 591
8209 616
8235 632
8261 647
8288 663
8314 678
8340 691
8367 705
8393 718
8420 732
8446 742
8472 757
8499 769
8525 780
8551 792
8578 802
8604 834
8631 835
8657 832
8683 836
8710 846
8736 852
8763 859
8789 866
8815 870
8842 874
8868 870
8894 882
8921 884
8947 887
8974 888
9001 890
9027 893
9054 888
9080 886
9107 884
9133 880
9159 876
9186 874
9212 868
9239 837
9265 854
9291 850
9318 843
9344 835
9370 827
9397 857
9423 800
9450 799
9476 790
9502 779
9529 763
9555 752
9581 739
9608 728
9634 715
9661 701
9687 687
9713 672
9740 657
9766 643
9793 628
9819 612
9845 596
9872 587
9898 526
9924 550
9951 535
9977 519
10005 500
10031 477
10057 458
10084 450
10110 432
10137 423
10163 398
10189 382
10216 367
10242 354
10269 340
10295 322
10321 307
10348 292
10374 279
10400 263
10427 249
10453 235
10480 240
10506 179
10532 198
10559 184
10585 172
10611 161
10638 152
10664 141
10691 132
10717 123
10743 114
10770 106
10796 110
10823 103
10849 86
10875 81
10902 74
10928 72
10954 66
10981 64
11008 61
11035 59
11061 56
11087 53
11114 53
11140 60
11167 63
11193 65
11219 67
11246 91
11272 63
11299 80
11325 89
11351 93
11378 100
11404 115
11430 116
11457 126
11483 136
11510 145
11536 156
11562 164
11589 178
11615 181
11641 202
11668 215
11694 229
11721 243
11747 257
11773 270
11800 285
11826 300
11853 316
11879 331
11905 347
11932 361
11958 361
11984 393
12012 410
12038 434
12065 432
12091 461
12117 476
12144 500
12170 511
12197 525
12223 544
12249 559
12276 575
12302 590
12329 600
12355 619
12381 636
12408 652
12434 667
12460 681
12487 697
12513 721
12540 718
12566 735
12592 749
12619 760
12645 774
12671 783
12698 794
12724 804
12751 815
12777 827
12803 833
12830 838
12856 847
12883 854
12909 860
12935 867
12962 872
12989 876
13016 880
13042 882
13068 884
13095 888
13121 886
13147 882
13174 903
13200 887
13227 886
13253 886
13279 878
13306 879
13332 893
13359 866
13385 861
13411 855
13438 848
13464 843
13490 831
13517 823
13543 813
13570 805
13596 794
13622 800
13649 773
13675 762
13701 749
13728 736
13754 722
13781 711
13807 693
13833 689
13860 666
13886 652
13913 639
13939 623
13965 608
13993 594
14019 575
14046 556
14072 545
14098 527
14125 511
14151 494
14177 478
14204 460
14230 444
14257 428
14283 411
14309 395
14336 380
14362 365
14388 352
14415 336
14441 344
14468 302
14494 286
14520 270
14547 199
14573 247
14600 232
14626 218
14652 206
14679 192
14705 179
14731 161
14758 160
14784 148
14811 138
14837 129
14863 114
14890 107
14916 104
14942 97
14969 91
14996 82
15023 102
15049 108
15076 69
15102 64
15128 58
15155 26
15181 48
15207 51
15234 55
15260 59
15287 60
15313 66
15339 68
15366 70
15392 74
15418 79
15445 84
15471 91
15498 99
15524 105
15550 113
15577 121
15603 163
15630 136
15656 174
15682 159
15709 170
15735 184
15761 194
15788 221
15814 234
15841 243
15867 247
15893 260
15920 277
15946 288
15972 309
16000 321
16026 336
16053 351
16079 364
16106 384
16132 399
16158 416
16185 432
16211 449
16237 490
16264 489
16290 504
16317 516
16343 533
16369 549
16396 567
16422 580
16448 594
16475 612
16501 630
16528 644
16554 657
16580 673
16607 686
16633 700
16660 714
16686 727
16712 741
16739 753
16765 787
16791 780
16818 787
16844 799
16871 807
16897 826
16923 852
16950 832
16976 843
17004 850
17030 825
17056 883
17083 869
17109 871
17136 877
17162 878
17188 868
17215 884
17241 888
17267 890
17294 890
17320 890
17347 888
17373 883
17399 881
17426 879
17452 874
17478 869
17505 857
17531 864
17558 852
17584 845
17610 839
17637 830
17663 821
17690 811
17716 802
17742 792
17769 780
17795 770
17821 759
17848 745
17874 733
17901 719
17927 705
17953 691
17980 680
18007 662
18034 647
18060 632
18086 617
18113 602
18139 583
18165 559
18192 554
18218 539
18245 525
18271 465
18297 507
18324 444
18350 455
18377 436
18403 421
18429 407
18456 389
18482 374
18508 359
18535 343
18561 325
18588 298
18614 297
18640 277
18667 268
18693 253
18719 240
18746 226
18772 214
18799 202
18825 189
18851 174
18878 160
18904 174
18931 149
18957 135
18983 127
19010 120
19036 107
19062 110
19089 84
19115 81
19142 86
19168 65
19194 73
19221 68
19247 61
19273 61
19300 59
19326 57
19353 56
19379 42
19405 62
19432 48
19458 78
19484 68
19511 71
19537 74
19564 83
19590 58
19616 93
19643 100
19669 107
19696 115
19722 118
19748 133
19775 143
19801 153
19827 161
19854 175
19880 183
19907 190
19933 202
19959 228
19986 237
20013 275
20040 267
20066 281
20092 296
20119 311
20145 329
20172 341
20198 358
20224 372
20251 390
20277 406
20303 421
20330 438
20356 454
20383 471
20409 488
20435 504
20462 521
20488 536
20515 553
20541 571
20567 586
20594 601
20620 628
20646 640
20673 647
20699 662
20726 677
20752 690
20778 704
20805 718
20831 734
20857 744
20884 757
20910 767
20937 780
20963 792
20991 802
21017 812
21043 821
21070 829
21096 837
21122 844
21149 852
21175 859
21202 865
21228 854
21254 872
21281 865
21307 880
21333 885
21360 888
21386 891
21413 890
21439 957
21465 898
21492 887
21518 880
21545 881
21571 877
21597 873
21624 867
21650 863
21676 855
21703 850
21729 850
21756 854
21782 827
21808 818
21835 808
21861 800
21887 786
21914 777
21940 765
21967 753
21994 762
22021 702
22047 714
22073 701
22100 687
22126 672
22152 657
22179 643
22205 627
22232 612
22258 597
22284 580
22311 566
22337 547
22363 535
22390 517
22416 499
22443 484
22469 466
22495 452
22522 429
22548 415
22575 415
22601 382
22627 368
22654 352
22680 338
22706 322
22733 307
22759 292
22786 276
22812 264
22838 249
22865 236
22891 225
22917 210
22944 196
22970 185
22998 173
23024 161
23051 151
23077 141
23103 98
23130 148
23156 117
23182 102
23209 98
23235 94
23262 89
23288 84
23314 66
23341 35
23367 66
23393 65
23420 63
23446 58
23473 56
23499 54
23525 57
23552 60
23578 62
23605 78
23631 68
23657 73
23684 77
23710 84
23736 82
23763 76
23789 101
23816 106
23842 119
23868 126
23895 138
23921 143
23947 152
23974 168
24001 181
24028 191
24054 203
24080 222
24107 229
24133 242
24160 257
24186 275
24212 284
24239 299
24265 315
24292 331
24318 347
24344 363
24371 393
24397 391
24423 399
24450 427
24476 441
24503 458
24529 475
24555 485
24582 485
24608 526
24634 543
24661 559
24687 574
24714 590
24740 606
24766 622
24793 636
24819 652
24846 666
24872 685
24898 701
24925 709
24951 722
24977 736
25005 727
25031 760
25058 773
25084 785
25110 798
25137 803
25163 811
25190 820
25216 824
25242 840
25269 847
25295 857
25322 862
25348 866
25374 872
25401 876
25427 879
25453 882
25480 889
25506 888
25533 889
25559 891
25585 889
25612 859
25638 885
25664 882
25691 879
25717 874
25744 871
25770 868
25796 862
25823 853
25849 847
25876 840
25902 832
25928 826
25955 816
25981 805
26009 794
26035 785
26061 773
26088 759
26114 749
26140 737
26167 723
26193 709
26220 696
26246 680
26272 668
26299 654
26325 636
26352 620
26378 606
26404 575
26431 576
26457 563
26483 539
26510 532
26536 511
26563 494
26589 407
26615 462
26642 444
26668 428
26694 411
26721 397
26747 378
26774 363
26800 348
26826 333
26853 319
26879 299
26906 287
26932 286
26958 258
26985 245
27012 230
27039 210
27065 201
27091 189
27118 179
27144 167
27171 156
27197 150
27223 138
27250 128
27276 119
27302 114
27329 107
27355 96
27382 90
27408 83
27434 79
27461 73
27487 87
27513 73
27540 62
27566 60
27593 58
27619 58
27645 56
27672 58
27698 59
27725 58
27751 69
27777 70
27804 75
27830 151
27856 84
27883 91
27909 99
27936 105
27962 113
27989 121
28016 130
28042 140
28069 150
28095 161
28121 164
28148 183
28174 194
28201 207
28227 218
28253 217
28280 238
28306 265
28332 281
28359 288
28385 307
28412 322
28438 336
28464 359
28491 369
28517 384
28543 399
28570 415
28596 431
28623 449
28649 465
28675 481
28702 499
28728 517
28755 535
28781 548
28807 566
28834 580
28860 596
28886 610
28913 643
28939 662
28966 668
28993 672
29019 683
29046 701
29072 712
29099 729
29125 742
29151 753
29178 766
29204 777
29230 788
29257 800
29283 809
29310 818
29336 827
29362 812
29389 844
29415 851
29442 857
29468 862
29494 867
29521 894
29547 882
29573 895
29600 883
29626 885
29653 888
29679 891
29705 889
29732 889
29758 886
29784 883
29811 881
29837 879
29864 874
29890 869
29916 864
29943 857
29969 856
29997 864
30023 837
30049 830
30076 820
30102 809
30129 800
30155 790
30181 779
30208 755
30234 758
30260 744
30287 730
30313 721
30340 700
30366 690
30392 677
30419 660
30445 647
30472 633
30498 616
30524 600
30551 585
30577 571
30603 555
30630 528
30656 525
30683 505
30709 489
30735 475
30762 456
30788 433
30814 394
30841 385
30867 386
30894 375
30920 359
30946 329
30973 327
31000 312
31027 292
31053 286
31079 267
31106 254
31132 239
31159 225
31185 213
31211 200
31238 184
31264 176
31290 165
31317 154
31343 144
31370 97
31396 117
31422 111
31449 95
31475 101
31502 94
31528 88
31554 80
31581 77
31607 72
31633 68
31660 66
31686 61
31713 58
31739 60
31765 69
31792 50
31818 58
31844 61
31871 49
31897 68
31924 72
31950 76
31976 81
32004 84
32030 90
32057 89
32083 107
32109 116
32136 127
32162 134
32189 141
32215 124
32241 165
32268 173
32294 188
32320 196
32347 212
32373 225
32400 239
32426 252
32452 266
32479 278
32505 283
32532 310
32558 328
32584 342
32611 418
32637 389
32663 389
32690 406
32716 422
32743 438
32769 454
32795 471
32822 471
32848 504
32874 521
32901 535
32927 555
32954 573
32980 586
33007 601
33034 618
33060 632
33087 647
33113 663
33139 677
33166 692
33192 705
33219 718
33245 732
33271 746
33298 773
33324 790
33350 783
33377 793
33403 803
33430 818
33456 837
33482 830
33509 837
33535 847
33561 849
33588 859
33614 865
33641 869
33667 875
33693 878
33720 882
33746 842
33773 887
33799 888
33825 890
33852 889
33878 890
33904 883
33931 877
33957 879
33984 875
34011 860
34038 879
34064 881
34090 858
34117 853
34143 841
34169 834
34196 828
34222 818
34249 808
34275 798
34301 785
34328 777
34354 765
34381 753
34407 739
34433 726
34460 713
34486 708
34512 703
34539 672
34565 678
34592 642
34618 626
34644 612
34671 596
34697 580
34723 566
34750 548
34776 536
34803 520
34829 498
34855 486
34882 466
34908 450
34935 434
34961 417
34988 400
35015 385
35041 369
35068 353
35094 337
35120 325
35147 291
35173 263
35199 268
35226 259
35252 249
35279 237
35305 223
35331 225
35358 195
35384 186
35411 169
35437 159
35463 151
35490 140
35516 131
35542 113
35569 115
35595 106
35622 98
35648 91
35674 86
35701 80
35727 75
35753 70
35780 58
35806 63
35833 61
35859 58
35885 58
35912 54
35938 56
35965 63
35992 63
36018 65
36045 67
36071 69
36098 78
36124 83
36150 89
36177 96
36203 106
36229 110
36256 118
36282 127
36309 137
36335 147
36361 129
36388 169
36414 180
36441 191
36467 205
36493 216
36520 229
36546 264
36572 259
36599 271
36625 283
36652 301
36678 315
36704 332
36731 347
36757 363
36783 378
36810 394
36836 408
36863 427
36889 443
36915 461
36942 477
36968 494
36996 508
37022 528
37048 544
37075 560
37101 576
37128 592
37154 621
37180 643
37207 633
37233 653
37259 669
37286 680
37312 696
37339 711
37365 724
37391 737
37418 748
37444 763
37470 773
37497 785
37523 797
37550 805
37576 814
37602 821
37629 834
37655 875
37682 848
37708 854
37734 860
37761 867
37787 874
37813 877
37840 878
37866 882
37893 887
37919 887
37945 890
37972 891
37999 890
38026 882
38052 885
38078 880
38105 880
38131 876
38158 870
38184 866
38210 860
38237 844
38263 817
38289 840
38316 831
38342 822
38369 812
38395 801
38421 800
38448 802
38474 774
38500 762
38527 748
38553 738
38580 726
38606 708
38632 695
38659 681
38685 667
38712 652
38738 654
38764 612
38791 602
38817 592
38843 575
38870 549
38896 549
38923 526
38949 511
38975 495
39003 474
39029 469
39056 440
39082 426
39108 425
39135 397
39161 385
39188 364
39214 347
39240 332
39267 317
39293 303
39319 283
39346 271
39372 257
39399 243
39425 232
39451 216
39478 216
39504 195
39530 179
39557 169
39583 158
39610 147
39636 137
39662 127
39689 119
39715 112
39742 104
39768 97
39794 90
39821 83
39847 78
39873 73
39900 69
39926 63
39953 59
39979 56
40006 57
40033 56
40059 56
40086 59
40112 62
40138 63
40165 66
40191 71
40218 75
40244 63
40270 82
40297 94
40323 69
40349 108
40376 114
40402 124
40429 132
40455 142
40481 151
40508 161
40534 169
40560 184
40587 194
40613 208
40640 222
40666 235
40692 247
40719 262
40745 276
40772 289
40798 307
40824 340
40851 337
40877 353
40903 346
40930 410
40956 412
40983 418
41009 432
41036 451
41062 469
41089 488
41115 500
41141 517
41168 533
41194 552
41221 565
41247 581
41273 596
41300 612
41326 627
41352 631
41379 659
41405 690
41432 687
41458 700
41484 715
41511 706
41537 747
41563 751
41590 771
41616 776
41643 788
41669 799
41695 808
41722 819
41748 831
41775 835
41801 844
41827 850
41854 826
41880 862
41906 868
41933 873
41959 877
41986 884
42013 884
42039 885
42066 888
42092 890
42119 888
42145 894
42171 877
42198 885
42224 880
42251 877
42277 876
42303 868
42330 864
42356 858
42382 853
42409 843
42435 837
42462 828
42488 820
42514 810
42541 802
42567 791
42593 780
42620 771
42646 763
42673 745
42699 732
42725 718
42752 704
42778 694
42805 678
42831 664
42857 648
42884 633
42910 616
42936 601
42963 587
42990 569
43017 554
43043 537
43069 520
43096 504
43122 488
43149 472
43175 455
43201 439
43228 421
43254 397
43281 388
43307 373
43333 358
43360 342
43386 323
43412 307
43439 288
43465 251
43492 265
43518 255
43544 237
43571 228
43597 212
43623 200
43650 187
43676 176
43703 165
43729 152
43755 144
43782 135
43808 125
43835 116
43861 111
43887 102
43914 103
43940 99
43966 85
43994 58
44020 65
44047 79
44073 66
44099 62
44126 60
44152 55
44179 52
44205 48
44231 59
44258 60
44284 63
44311 67
44337 71
44363 76
44390 83
44416 87
44442 93
44469 100
44495 115
44522 114
44548 121
44574 133
44601 142
44627 169
44653 182
44680 174
44706 187
44733 203
44759 212
44785 225
44812 239
44838 186
44865 267
44891 280
44917 295
44944 312
44970 327
44998 343
45024 358
45050 373
45077 388
45103 398
45129 431
45156 438
45182 455
45209 472
45235 490
45261 526
45288 516
45314 538
45341 555
45367 571
45393 587
45420 603
45446 615
45472 631
45499 647
45525 663
45552 676
45578 695
45604 709
45631 718
45657 732
45683 745
45710 757
45736 767
45763 773
45789 793
45815 803
45842 812
45868 818
45895 831
45921 839
45947 842
45974 851
46001 859
46028 864
46054 863
46080 878
46107 878
46133 882
46159 884
46186 887
46212 890
46239 890
46265 886
46291 888
46318 891
46344 883
46371 887
46397 876
46423 873
46450 868
46476 863
46502 879
46529 827
46555 838
46582 836
46608 824
46634 818
46661 808
46687 797
46713 788
46740 777
46766 765
46793 750
46819 739
46845 726
46872 713
46898 700
46925 686
46951 671
46977 679
47005 641
47031 626
47058 611
47084 596
47110 579
47137 581
47163 517
47189 584
47216 516
47242 497
47269 483
47295 468
47321 469
47348 433
47374 416
47400 403
47427 383
47453 369
47480 353
47506 338
47532 321
47559 306
47585 291
47612 287
47638 262
47664 249
47691 235
47717 221
47743 149
47770 192
47796 174
47823 142
47849 164
47875 149
47902 140
47928 132
47954 186
47981 114
48008 103
48035 98
48061 92
48088 81
48114 81
48140 76
48167 70
48193 65
48219 63
48246 60
48272 59
48299 56
48325 54
48351 48
48378 74
48404 61
48430 43
48457 68
48483 72
48510 76
48536 83
48562 50
48589 113
48615 102
48642 107
48668 120
48694 127
48721 138
48747 143
48773 157
48800 168
48826 179
48853 215
48879 215
48905 212
48932 229
48958 244
48984 276
49012 293
49038 288
49065 301
49091 316
49118 334
49144 348
49170 382
49197 351
49223 394
49249 413
49276 425
49302 447
49329 484
49355 477
49381 495
49408 511
49434 527
49461 542
49487 559
49513 576
49540 591
49566 607
49592 622
49619 654
49645 651
49672 668
49698 683
49724 697
49751 713
49777 724
49803 734
49830 748
49856 762
49883 778
49909 785
49935 798
49962 804
49989 815
50016 824
50042 830
50068 842
50095 848
50121 851
50148 861
50174 867
50200 871
50227 852
50253 877
50279 878
50306 897
50332 888
50359 888
50385 892
50411 898
50438 878
50464 875
50491 883
50517 879
50543 875
50570 872
50596 866
50622 861
50649 854
50675 847
50702 840
50728 832
50754 824
50781 814
50807 805
50833 794
50860 785
50886 770
50913 767
50939 753
50965 737
50993 723
51019 706
51046 695
51072 683
51098 667
51125 651
51151 636
51178 619
51204 603
51230 590
51257 576
51283 558
51309 543
51336 526
51362 510
51389 494
51415 477
51441 459
51468 444
51494 417
51521 401
51547 398
51573 380
51600 363
51626 347
51652 333
51679 317
51705 302
51732 286
51758 271
51784 257
51811 242
51837 229
51863 217
51890 203
51916 191
51943 181
51969 169
51996 158
52023 147
52049 137
52076 127
52102 101
52128 113
52155 104
52181 96
52208 89
52234 87
52260 51
52287 58
52313 68
52339 65
52366 63
52392 58
52419 61
52445 55
52471 55
52498 57
52524 61
52550 64
52577 64
52603 70
52630 74
52656 80
52682 85
52709 92
52735 97
52762 107
52788 111
52814 146
52841 132
52867 141
52893 148
52920 163
52946 173
52973 183
53000 195
53026 209
53053 223
53079 255
53106 248
53132 262
53158 277
53185 293
53211 308
53238 322
53264 337
53290 353
53317 369
53343 384
53369 396
53396 417
53422 435
53449 450
53475 466
53501 485
53528 490
53554 510
53580 487
53607 550
53633 566
53660 581
53686 596
53712 612
53739 627
53765 644
53792 659
53818 675
53844 686
53871 701
53897 716
53923 728
53950 741
53976 755
54004 756
54030 777
54056 788
54083 799
54109 810
54136 816
54162 803
54188 833
54215 849
54241 847
54268 856
54294 864
54320 828
54347 873
54373 878
54399 881
54426 884
54452 888
54479 887
54505 891
54531 890
54558 888
54584 886
54610 881
54637 876
54663 878
54690 874
54716 869
54742 866
54769 859
54795 858
54822 852
54848 838
54874 833
54901 818
54927 811
54953 788
54980 791
55007 781
55034 770
55060 756
55086 744
55113 731
55139 717
55166 705
55192 690
55218 676
55245 636
55271 646
55298 631
55324 616
55350 599
55377 586
55403 590
55429 562
55456 542
55482 518
55509 504
55535 488
55561 472
55588 455
55614 437
55640 421
55667 405
55693 389
55720 374
55746 357
55772 342
55799 327
55825 312
55852 287
55878 287
55904 270
55931 253
55957 239
55983 228
56010 213
56036 200
56063 179
56089 172
56115 167
56142 153
56168 145
56195 139
56221 125
56247 118
56274 109
56300 99
56326 94
56353 57
56379 82
56406 78
56432 72
56458 68
56485 69
56511 33
56538 56
56564 32
56590 55
56617 56
56643 58
56669 61
56696 64
56722 71
56749 71
56775 74
56801 80
56828 88
56854 94
56880 101
56907 106
56933 115
56960 121
56988 134
57015 144
57041 153
57067 167
57094 176
57120 184
57147 200
57173 213
57199 227
57226 229
57252 231
57279 264
57305 282
57331 297
57358 312
57384 331
57410 343
57437 358
57463 394
57490 390
57516 406
57542 420
57569 439
57595 455
57621 472
57648 490
57674 507
57701 523
57727 541
57753 553
57780 572
57806 587
57833 602
57859 616
57885 633
57912 647
57938 661
57964 675
57992 693
58018 706
58045 722
58071 728
58097 747
58124 759
58150 772
58177 781
58203 791
58229 803
58256 813
58282 822
58308 830
58335 842
58361 856
58388 853
58414 859
58440 866
58467 870
58493 875
58520 877
58546 892
58572 880
58599 887
58625 889
58651 891
58678 890
58704 887
58731 885
58757 883
58783 879
58810 877
58836 874
58862 867
58889 861
58915 855
58942 847
58968 842
58996 834
59022 826
59048 816
59075 807
59101 776
59127 803
59154 777
59180 791
59207 752
59233 741
59259 724
59286 711
59312 694
59338 710
59365 670
59391 655
59418 641
59444 626
59470 610
59497 595
59523 579
59550 564
59576 548
59602 556
59629 517
59655 500
59681 481
59708 466
59734 448
59761 432
59787 422
59813 404
59840 383
59866 369
59892 353
59919 335
59945 322
59972 306
59999 289
60026 275
60052 263
60078 250
60105 234
60131 221
60157 207
60184 193
60210 183
60237 175
60263 160
60289 150
60316 140
60342 132
60368 147
60395 111
60421 107
60448 98
60474 94
60500 85
60527 78
60553 61
60580 78
60606 67
60632 66
60659 61
60685 57
60711 56
60738 54
60764 57
60791 60
60817 62
60843 65
60870 72
60896 72
60922 78
60949 84
60975 85
61003 102
61029 103
61056 111
61082 120
61108 131
61135 138
61161 149
61187 159
61214 149
61240 185
61267 196
61293 202
61319 219
61346 231
61372 245
61398 259
61425 273
61451 285
61478 302
61504 317
61530 333
61557 349
61583 364
61610 370
61636 390
61662 412
61689 429
61715 445
61741 458
61768 478
61794 494
61821 532
61847 529
61873 545
61900 559
61926 575
61952 590
61979 609
62006 624
62033 640
62059 655
62085 667
62112 683
62138 698
62165 712
62191 725
62217 737
62244 757
62270 753
62297 774
62323 782
62349 798
62376 806
62402 818
62428 816
62455 836
62481 838
62508 849
62534 856
62560 863
62587 866
62613 872
62639 879
62666 879
62692 883
62719 885
62745 888
62771 890
62798 891
62824 889
62851 893
62877 908
62903 899
62930 899
62956 875
62982 870
63009 865
63036 860
63062 856
63089 830
63115 844
63141 831
63168 821
63194 814
63220 804
63247 793
63273 784
63300 772
63326 760
63352 730
63379 734
63405 722
63431 709
63458 695
63484 656
63511 677
63537 647
63563 623
63590 621
63616 605
63643 590
63669 574
63695 559
63722 543
63748 527
63774 511
63801 493
63827 477
63854 461
63880 443
63906 427
63933 410
63959 394
63985 377
64013 361
64039 346
64066 331
64092 316
64118 312
64145 286
64171 272
64198 257
64224 247
64250 232
64277 215
64303 219
64329 216
64356 180
64382 173
64409 156
64435 147
64461 138
64488 129
64514 119
64541 110
64567 103
64593 95
64620 95
64646 84
64672 78
64699 73
64725 67
64752 54
64778 56
64804 57
64831 57
64857 56
64883 55
64910 57
64936 130
64963 52
64990 65
65017 71
65043 74
65069 77
65096 86
65122 92
65148 99
65175 111
65201 109
65228 123
65254 131
65280 141
65307 150
65333 161
65359 147
65386 180
65412 199
65439 209
65465 221
65491 236
65518 196
65544 255
65571 291
65597 291
65623 310
65650 315
65676 338
65702 353
65729 369
65755 384
65782 400
65808 417
65834 436
65861 496
65887 466
65913 483
65940 500
65966 517
65994 531
66020 560
66047 567
66073 581
66099 597
66126 648
66152 646
66178 639
66205 659
66231 675
66258 688
66284 703
66310 715
66337 737
66363 741
66389 753
66416 767
66442 778
66469 789
66495 799
66521 809
66548 822
66574 828
66601 837
66627 843
66653 828
66680 856
66706 864
66732 870
66759 873
66785 870
66812 880
66838 883
66864 886
66891 890
66917 887
66943 890
66970 888
66997 886
67024 884
67050 880
67076 878
67103 872
67129 868
67156 863
67182 857
67208 851
67235 824
67261 830
67288 828
67314 819
67340 812
67367 797
67393 790
67419 781
67446 770
67472 756
67499 747
67525 731
67551 718
67578 704
67604 690
67630 676
67657 661
67683 646
67710 630
67736 616
67762 600
67789 584
67815 568
67842 553
67868 540
67894 521
67921 514
67947 500
67973 471
68001 462
68027 461
68054 416
68080 405
68106 389
68133 371
68159 355
68186 344
68212 326
68238 312
68265 295
68291 278
68318 267
68344 252
68370 239
68397 226
68423 212
68449 200
68476 204
68502 185
68529 166
68555 155
68581 143
68608 132
68634 125
68660 117
68687 109
68713 101
68740 91
68766 87
68792 82
68819 77
68845 71
68872 68
68898 64
68924 61
68951 58
68977 58
69005 55
69031 56
69057 59
69084 63
69110 65
69136 66
69163 72
69189 75
69216 81
69242 89
69268 96
69295 100
69321 105
69348 116
69374 125
69400 134
69427 146
69453 134
69479 165
69506 176
69532 187
69559 200
69585 213
69611 226
69638 239
69664 252
69690 268
69717 282
69743 295
69770 311
69796 328
69822 344
69849 359
69875 377
69902 388
69928 405
69954 424
69981 440
70008 458
70035 475
70061 493
70087 495
70114 524
70140 539
70166 558
70193 573
70219 588
70246 606
70272 618
70298 634
70325 649
70351 660
70378 675
70404 693
70430 706
70457 720
70483 735
70509 744
70536 757
70562 755
70589 787
70615 794
70641 801
70668 812
70694 821
70720 830
70747 838
70773 846
70800 844
70826 856
70852 865
70879 871
70905 875
70932 878
70958 882
70984 880
71012 887
71038 889
71065 890
71091 890
71117 890
71144 861
71170 874
71196 870
71223 877
71249 872
71276 867
71302 862
71328 873
71355 850
71381 842
71407 833
71434 824
71460 814
71487 807
71513 798
71539 787
71566 775
71592 763
71619 747
71645 740
71671 725
71698 712
71724 698
71750 683
71777 672
71803 630
71830 654
71856 626
71882 611
71909 595
71935 578
71961 563
71989 547
72015 528
72042 513
72068 498
72095 482
72121 465
72147 449
72174 431
72200 414
72226 386
72253 383
72279 367
72306 351
72332 336
72358 282
72385 303
72411 290
72437 292
72464 262
72490 248
72517 234
72543 219
72569 205
72596 195
72622 183
72649 171
72675 161
72701 150
72728 124
72754 130
72780 121
72807 114
72833 106
72860 112
72886 92
72912 90
72939 80
72965 75
72993 73
73019 64
73045 64
73072 60
73098 58
73125 57
73151 54
73177 54
73204 31
73230 62
73256 66
73283 70
73309 73
73336 80
73362 84
73388 89
73415 96
73441 103
73467 112
73494 110
73520 128
73547 137
73573 147
73599 159
73626 166
73652 189
73679 191
73705 201
73731 218
73758 233
73784 243
73810 260
73837 270
73863 287
73890 301
73916 325
73942 332
73969 348
73996 364
74023 380
74049 397
74075 413
74102 430
74128 445
74154 463
74181 479
74207 496
74234 512
74260 507
74286 544
74313 553
74339 578
74366 593
74392 610
74418 620
74445 648
74471 655
74497 669
74524 682
74550 698
74577 714
74603 725
74629 738
74656 751
74682 762
74708 773
74735 786
74761 797
74788 806
74814 815
74840 825
74867 834
74893 841
74920 846
74946 854
74972 859
75000 869
75026 870
75053 867
75079 871
75105 883
75132 886
75158 885
75184 887
75211 889
75237 889
75264 887
75290 885
75316 881
75343 878
75369 853
75396 868
75422 865
75448 859
75475 878
75501 822
75527 837
75554 789
75580 821
75607 813
75633 805
75659 794
75686 783
75712 771
75738 759
75765 747
75791 737
75818 722
75844 708
75870 693
75897 680
75923 666
75950 652
75976 637
76003 620
76030 604
76056 588
76083 573
76109 567
76135 521
76162 522
76188 508
76214 492
76241 476
76267 462
76294 432
76320 409
76346 409
76373 393
76399 373
76426 362
76452 347
76478 330
76505 315
76531 300
76557 286
76584 270
76610 245
76637 242
76663 229
76689 216
76716 204
76742 217
76768 174
76795 132
76821 157
76848 147
76874 136
76900 127
76927 115
76953 98
76980 103
77007 96
77033 91
77060 83
77086 76
77113 74
77139 68
77165 62
77192 66
77218 59
77244 57
77271 55
77297 56
77324 58
77350 65
77376 54
77403 50
77429 41
77456 75
77482 78
77508 84
77535 88
77561 91
77587 103
77614 113
77640 124
77667 131
77693 140
77719 153
77746 162
77772 173
77798 185
77825 198
77851 178
77878 223
77904 235
77930 249
77957 262
77983 257
78010 308
78036 306
78063 345
78089 340
78115 351
78142 371
78168 386
78194 418
78221 417
78247 433
78274 455
78300 469
78326 485
78353 502
78379 518
78405 534
78432 550
78458 568
78485 582
78511 598
78537 613
78564 628
78590 644
78617 660
78643 674
78669 686
78696 702
78722 716
78748 731
78775 742
78801 755
78828 766
78854 779
78880 790
78907 800
78933 810
78959 820
78986 827
79013 835
79040 843
79066 853
79093 858
79119 863
79145 869
79172 874
79198 878
79225 895
79251 874
79277 891
79304 888
79330 890
79356 894
79383 890
79409 888
79436 901
79462 875
79488 877
79515 874
79541 869
79567 862
79594 857
79620 851
79647 844
79673 837
79699 829
79726 819
79752 811
79779 801
79805 790
79831 779
79858 767
79884 763
79910 745
79937 738
79963 738
79991 703
80017 688
80043 671
80070 652
80096 646
80123 631
80149 616
80175 602
80202 584
80228 569
80255 553
80281 537
80307 516
80334 504
80360 485
80386 471
80413 454
80439 437
80466 420
80492 411
80518 396
80545 380
80571 351
80597 341
80624 322
80650 308
80677 295
80703 281
80729 266
80756 251
80782 237
80809 226
80835 209
80861 199
80888 187
80914 175
80940 165
80967 154
80994 143
81021 134
81047 124
81073 116
81100 101
81126 113
81153 95
81179 87
81205 81
81232 78
81258 71
81285 67
81311 66
81337 50
81364 60
81390 57
81416 58
81443 56
81469 60
81496 61
81522 64
81548 68
81575 72
81601 73
81627 82
81654 88
81680 94
81707 101
81733 112
81759 100
81786 131
81812 123
81839 143
81865 155
81891 165
81918 176
81944 192
81970 200
81998 209
82024 226
82051 240
82077 221
82103 268
82130 281
82156 297
82183 315
82209 329
82235 344
82262 359
82288 375
82314 390
82341 407
82367 428
82394 443
82420 448
82446 475
82473 488
82499 505
82526 523
82552 536
82578 549
82605 572
82631 587
82657 603
82684 618
82710 633
82737 653
82763 664
82789 678
82816 692
82842 706
82868 741
82895 728
82921 736
82948 758
82974 804
83002 807
83028 792
83054 803
83081 813
83107 824
83133 852
83160 836
83186 839
83213 871
83239 861
83265 867
83292 870
83318 822
83344 878
83371 882
83397 885
83424 887
83450 889
83476 891
83503 890
83529 888
83556 886
83582 883
83608 878
83635 877
83661 872
83687 868
83714 862
83740 855
83767 847
83793 839
83819 854
83846 825
83872 817
83898 807
83925 797
83951 785
83978 776
84005 764
84032 749
84058 738
84084 724
84111 713
84137 699
84163 685
84190 669
84216 655
84243 621
84269 627
84295 603
84322 594
84348 576
84374 562
84401 562
84427 542
84454 490
84480 500
84506 483
84533 464
84559 446
84586 431
84612 413
84638 398
84665 382
84691 367
84717 351
84744 336
84770 320
84797 305
84823 291
84849 274
84876 285
84902 248
84928 286
84955 220
84981 204
85009 192
85035 183
85062 164
85088 132
85114 149
85141 140
85167 128
85193 118
85220 113
85246 104
85273 100
85299 90
85325 86
85352 80
85378 75
85404 68
85431 66
85457 64
85484 57
85510 61
85536 58
85563 54
85589 58
85616 60
85642 65
85668 65
85695 69
85721 74
85747 75
85774 84
85800 89
85827 94
85853 102
85879 111
85906 120
85932 128
85958 133
85985 148
86012 158
86039 168
86065 181
86092 193
86118 184
86144 218
86171 231
86197 245
86223 259
86250 271
86276 284
86303 309
86329 313
86355 334
86382 348
86408 364
86434 365
86461 386
86487 413
86514 429
86540 434
86566 463
86593 479
86619 495
86646 513
86672 530
86698 546
86725 562
86751 562
86777 591
86804 609
86830 623
86857 638
86883 653
86909 670
86936 672
86962 699
86990 712
87016 724
87042 739
87069 751
87095 762
87122 775
87148 785
87174 795
87201 807
87227 816
87253 825
87280 833
87306 841
87333 847
87359 849
87385 863
87412 867
87438 872
87464 877
87491 880
87517 878
87544 909
87570 877
87596 891
87623 888
87649 889
87676 887
87702 885
87728 882
87755 878
87781 872
87807 870
87834 866
87860 859
87887 850
87913 846
87939 838
87966 832
87993 823
88020 816
88046 804
88072 792
88099 772
88125 747
88151 757
88178 776
88204 734
88231 719
88257 708
88283 694
88310 696
88336 664
88363 648
88389 634
88415 620
88442 607
88468 588
88494 573
88521 557
88547 542
88574 526
88600 515
88626 499
88653 442
88679 458
88705 443
88732 423
88758 407
88785 371
88811 372
88837 361
88864 348
88890 330
88917 313
88943 298
88969 285
88997 270
89023 258
89050 244
89076 230
89102 216
89129 202
89155 190
89181 178
89208 169
89234 162
89261 146
89287 136
89313 129
89340 119
89366 108
89393 105
89419 82
89445 79
89472 84
89498 79
89524 71
89551 69
89577 88
89604 62
89630 60
89656 56
89683 55
89709 56
89735 24
89762 49
89788 64
89815 67
89841 69
89867 78
89894 80
89920 86
89947 92
89973 98
90000 94
90027 103
90053 137
90080 132
90106 144
90132 154
90159 106
90185 188
90211 199
90238 197
90264 209
90291 221
90317 234
90343 250
90370 264
90396 278
90423 292
90449 308
90475 326
90502 340
90528 355
90554 370
90581 385
90607 402
90634 419
90660 435
90686 451
90713 468
90739 485
90765 495
90792 534
90818 522
90845 550
90871 566
90897 582
90924 599
90950 614
90977 629
91004 645
91030 660
91057 674
91083 689
91110 703
91136 717
91162 730
91189 743
91215 755
91241 739
91268 777
91294 789
91321 801
91347 809
91373 820
91400 828
91426 836
91453 830
91479 851
91505 857
91532 862
91558 869
91584 874
91611 877
91637 881
91664 884
91690 886
91716 888
91743 890
91769 885
91795 888
91822 887
91848 883
91875 880
91901 876
91927 865
91954 863
91980 861
92008 860
92034 853
92060 863
92087 825
92113 826
92140 819
92166 810
92192 801
92219 789
92245 778
92271 767
92298 756
92324 741
92351 679
92377 720
92403 702
92430 700
92456 675
92482 661
92509 617
92535 629
92562 614
92588 599
92614 584
92641 567
92667 552
92694 536
92720 520
92746 503
92773 488
92799 470
92825 452
92852 436
92878 420
92905 405
92931 387
92957 370
92984 355
93011 340
93038 325
93064 309
93090 295
93117 253
93143 261
93170 274
93196 238
93222 223
93249 210
93275 183
93301 193
93328 194
93354 164
93381 154
93407 141
93433 133
93460 124
93486 116
93513 108
93539 100
93565 93
93592 87
93618 82
93644 76
93671 72
93697 67
93724 59
93750 64
93776 77
93803 55
93829 55
93855 59
93882 61
93908 62
93935 63
93961 67
93988 73
94015 76
94041 81
94068 76
94094 95
94120 102
94147 109
94173 117
94200 125
94226 136
94252 145
94279 155
94305 165
94331 177
94358 179
94384 204
94411 217
94437 227
94463 240
94490 255
94516 270
94542 286
94569 320
94595 313
94622 325
94648 346
94674 360
94701 376
94727 391
94754 408
94780 424
94806 441
94833 456
94859 481
94885 488
94912 507
94938 524
94965 541
94992 574
95018 574
95045 588
95071 604
95098 619
95124 635
95150 671
95177 653
95203 698
95230 693
95256 705
95282 723
95309 735
95335 750
95361 759
95388 771
95414 781
95441 795
95467 803
95493 813
95520 822
95546 832
95572 840
95599 834
95625 850
95652 837
95678 865
95704 871
95731 875
95757 878
95784 881
95810 882
95836 889
95863 890
95889 889
95915 888
95942 886
95968 885
95996 885
96022 883
96048 877
96075 872
96101 867
96128 861
96154 854
96180 847
96207 842
96233 825
96260 826
96286 785
96312 806
96339 797
96365 785
96391 775
96418 776
96444 773
96471 745
96497 724
96523 710
96550 698
96576 683
96602 670
96629 653
96655 640
96682 624
96708 609
96734 594
96761 579
96787 562
96814 547
96840 529
96866 489
96893 495
96919 494
96945 463
96972 443
96999 431
97026 408
97052 367
97078 382
97105 365
97131 348
97158 334
97184 319
97210 296
97237 290
97263 272
97290 261
97316 235
97342 251
97369 220
97395 206
97421 196
97448 182
97474 181
97501 146
97527 150
97553 139
97580 130
97606 119
97632 118
97659 106
97685 98
97712 91
97738 85
97764 79
97791 73
97817 69
97844 66
97870 63
97896 61
97923 58
97949 54
97975 55
98003 58
98029 60
98056 62
98082 71
98108 93
98135 75
98161 78
98188 84
98214 90
98240 89
98267 72
98293 112
98319 116
98346 131
98372 143
98399 147
98425 136
98451 156
98478 180
98504 193
98531 205
98557 217
98583 232
98610 240
98636 253
98662 274
98689 288
98715 303
98742 318
98768 333
98794 350
98821 366
98847 382
98873 396
98900 414
98926 430
98953 450
98979 466
99007 481
99033 487
99059 485
99086 508
99112 546
99138 560
99165 579
99191 595
99218 608
99244 624
99270 641
99297 655
99323 670
99349 689
99376 702
99402 712
99429 726
99455 739
99481 749
99508 769
99534 781
99561 792
99587 796
99613 808
99640 816
99666 825
99692 833
99719 842
99745 844
99772 856
99798 864
99824 868
99851 871
99877 880
99903 879
99930 882
99956 886
99983 886
100009 878
100036 892
100062 889
100089 887
100115 885
100141 883
100168 883
100194 888
100221 871
100247 865
100273 860
100300 854
100326 845
100352 838
100379 830
100405 823
100432 813
100458 803
100484 793
100511 782
100537 771
100563 759
100590 747
100616 746
100643 737
100669 706
100695 694
100722 679
100748 666
100775 666
100801 627
100827 615
100854 605
100880 589
100906 572
100933 555
100959 541
100986 524
101013 507
101039 491
101066 474
101092 458
101119 441
101145 424
101171 409
101198 392
101224 388
101251 358
101277 347
101303 330
101330 314
101356 299
101382 281
101409 265
101435 251
101462 243
101488 229
101514 216
101541 203
101567 116
101593 179
101620 168
101646 157
101673 146
101699 136
101725 152
101752 119
101778 110
101805 102
101831 96
101857 78
101884 79
101910 85
101936 74
101963 69
101990 63
102017 61
102043 65
102069 52
102096 56
102122 56
102149 58
102175 58
102201 52
102228 70
102254 71
102281 75
102307 80
102333 84
102360 93
102386 100
102412 106
102439 114
102465 123
102492 153
102518 142
102544 152
102571 162
102597 173
102623 183
102650 190
102676 210
102703 222
102729 236
102755 248
102782 261
102808 278
102835 292
102861 308
102887 323
102914 338
102940 358
102966 370
102994 387
103020 402
103047 419
103073 435
103099 446
103126 468
103152 486
103179 502
103205 518
103231 508
103258 550
103284 570
103310 587
103337 599
103363 615
103390 631
103416 645
103442 660
103469 674
103495 688
103522 700
103548 716
103574 733
103601 742
103627 755
103653 768
103680 779
103706 790
103733 800
103759 807
103785 816
103812 830
103838 860
103864 844
103891 854
103917 880
103944 860
103970 869
103998 875
104024 878
104050 881
104077 884
104103 886
104129 888
104156 890
104182 893
104209 889
104235 886
104261 884
104288 881
104314 877
104340 873
104367 879
104393 865
104420 858
104446 851
104472 841
104499 840
104525 816
104552 809
104578 810
104604 801
104631 789
104657 778
104683 766
104710 756
104736 744
104763 731
104789 716
104815 705
104842 689
104868 676
104894 661
104921 644
104947 629
104974 601
105001 597
105028 583
105054 567
105080 551
105107 535
105133 518
105159 476
105186 488
105212 469
105239 452
105265 432
105291 456
105318 419
105344 387
105370 372
105397 353
105423 341
105450 325
105476 310
105502 294
105529 280
105555 265
105582 252
105608 238
105634 226
105661 211
105687 199
105713 186
105740 179
105766 161
105793 153
105819 146
105845 132
105872 123
105898 113
105924 105
105951 101
105977 93
106005 88
106031 81
106058 72
106084 72
106110 67
106137 63
106163 61
106189 59
106216 58
106242 54
106269 56
106295 58
106321 61
106348 68
106374 47
106400 71
106427 19
106453 81
106480 87
106506 93
106532 100
106559 111
106585 116
106612 125
106638 135
106664 145
106691 154
106717 166
106743 177
106770 188
106796 201
106823 214
106849 270
106875 240
106902 245
106928 270
106954 287
106981 298
107008 312
107035 333
107061 344
107088 360
107114 375
107140 391
107167 415
107193 413
107219 441
107246 459
107272 474
107299 492
107325 508
107351 524
107378 541
107404 558
107430 573
107457 592
107483 608
107510 619
107536 636
107562 651
107589 665
107615 677
107642 691
107668 707
107694 720
107721 734
107747 747
107773 758
107800 760
107826 788
107853 793
107879 803
107905 814
107932 822
107958 831
107984 838
108012 847
108038 854
108065 856
108091 866
108118 871
108144 876
108170 880
108197 882
