48 760
94 783
140 800
187 819
233 838
280 858
326 879
372 897
419 915
465 900
512 880
558 862
604 840
651 819
697 802
743 782
790 765
836 743
883 725
929 703
975 686
1023 661
1069 643
1116 619
1162 602
1208 585
1255 562
1301 546
1348 521
1394 497
1440 481
1487 459
1533 427
1579 420
1626 401
1672 380
1719 366
1765 340
1811 320
1858 301
1904 280
1950 261
1998 240
2044 221
2091 201
2137 158
2184 163
2230 143
2276 124
2323 105
2369 87
2415 71
2462 51
2508 43
2555 60
2601 82
2647 99
2694 103
2740 136
2786 155
2833 174
2879 194
2926 208
2972 234
3019 254
3066 273
3112 293
3159 315
3205 334
3251 368
3298 394
3344 395
3391 415
3437 433
3483 455
3530 474
3576 500
3622 516
3669 536
3715 555
3762 563
3808 580
3854 616
3901 634
3947 657
3995 652
4041 695
4087 718
4134 738
4180 757
4227 777
4273 798
4319 815
4366 837
4412 855
4458 932
4505 895
4551 925
4598 901
4644 882
4690 863
4737 847
4783 794
4829 805
4876 785
4922 765
4969 738
5016 724
5063 706
5109 682
5155 662
5202 644
5248 625
5294 604
5341 585
5387 564
5434 544
5480 524
5526 523
5573 484
5619 454
5665 441
5712 423
5758 404
5805 382
5851 360
5897 343
5944 321
5991 303
6038 282
6084 275
6130 242
6177 224
6223 201
6270 184
6316 165
6362 146
6409 156
6455 108
6501 87
6548 71
6594 42
6641 35
6687 59
6733 80
6780 94
6826 111
6873 135
6919 154
6965 173
7013 192
7059 199
7106 234
7152 251
7198 274
7245 295
7291 285
7337 331
7384 351
7430 372
7477 391
7523 412
7569 432
7616 454
7662 473
7708 492
7755 514
7801 535
7848 550
7894 574
7940 594
7988 616
8034 636
8081 655
8127 680
8173 697
8220 715
8266 737
8313 756
8359 775
8405 795
8452 787
8498 835
8544 853
8591 873
8637 892
8684 909
8730 904
8776 884
8823 866
8869 821
8916 828
8962 807
9009 788
9056 765
9102 752
9149 727
9195 707
9241 688
9288 663
9334 647
9380 627
9427 607
9473 587
9520 565
9566 548
9612 527
9659 498
9705 483
9751 448
9798 442
9844 433
9891 403
9937 384
9983 362
10030 344
10076 314
10123 304
10169 284
10215 263
10262 244
10308 225
10355 206
10401 196
10447 167
10494 148
10540 143
10586 110
10633 92
10679 73
10726 74
10772 38
10818 56
10865 74
10911 94
10957 113
11005 132
11051 150
11098 175
11144 190
11191 211
11237 228
11283 243
11330 269
11376 289
11422 309
11469 328
11515 345
11562 369
11608 389
11654 412
11701 424
11747 451
11793 471
11840 491
11886 521
11933 529
11979 551
12026 572
12073 592
12119 614
12166 624
12212 653
12258 676
12305 693
12351 713
12398 732
12444 753
12490 773
12537 791
12583 812
12629 836
12676 851
12722 871
12769 889
12815 910
12861 906
12908 887
12954 868
13002 855
13048 827
13094 808
13141 790
13187 769
13234 751
13280 733
13326 702
13373 690
13419 669
13465 647
13512 629
13558 610
13605 590
13651 569
13697 548
13744 533
13790 514
13836 488
13883 467
13929 448
13976 385
14023 408
14070 387
14116 364
14162 343
14209 321
14255 306
14301 286
14348 267
14394 246
14441 228
14487 201
14533 177
14580 169
14626 135
14672 131
14719 112
14765 93
14812 77
14858 57
14904 39
14951 55
14998 75
15045 92
15091 114
15137 130
15184 149
15230 169
15277 188
15323 208
15369 227
15416 269
15462 267
15508 286
15555 307
15601 331
15648 346
15694 366
15740 391
15787 407
15833 427
15880 448
15926 469
15972 488
16020 509
16066 537
16113 549
16159 571
16205 594
16252 635
16298 588
16344 650
16391 672
16437 691
16484 708
16530 733
16576 738
16623 770
16669 791
16715 811
16762 833
16808 852
16855 868
16901 888
16947 908
16995 908
17041 893
17088 869
17134 858
17180 832
17227 801
17273 779
17320 772
17366 752
17412 733
17459 711
17505 692
17551 672
17598 653
17644 632
17691 614
17737 592
17783 572
17830 549
17876 513
17923 510
17969 491
18016 471
18063 448
18109 438
18156 407
18202 389
18248 370
18295 348
18341 329
18387 308
18434 287
18480 270
18527 248
18573 226
18619 211
18666 207
18712 172
18759 153
18805 133
18851 103
18898 95
18944 77
18992 57
19038 42
19084 49
19131 72
19177 90
19223 111
19270 123
19316 173
19363 167
19409 206
19455 206
19502 223
19548 247
19595 264
19641 284
19687 304
19734 296
19780 345
19826 365
19873 381
19919 404
19966 423
20013 445
20059 461
20106 487
20152 506
20199 528
20245 547
20291 557
20338 589
20384 608
20430 628
20477 648
20523 646
20570 689
20616 708
20662 730
20709 754
20755 768
20802 789
20848 802
20894 828
20941 861
20988 867
21035 887
21081 905
21127 909
21174 865
21220 871
21266 852
21313 832
21359 812
21406 794
21452 774
21498 750
21545 735
21591 715
21638 697
21684 695
21730 654
21777 634
21823 616
21869 594
21916 570
21962 553
22010 551
22056 512
22102 492
22149 473
22195 452
22242 430
22288 413
22334 391
22381 370
22427 350
22474 328
22520 313
22566 290
22613 271
22659 251
22705 229
22752 214
22798 194
22845 173
22891 155
22937 136
22984 139
23031 98
23078 78
23124 56
23170 41
23217 48
23263 70
23310 89
23356 107
23402 126
23449 141
23495 165
23541 179
23588 204
23634 219
23681 239
23727 261
23773 284
23820 303
23866 304
23913 340
23959 349
24006 383
24053 403
24099 422
24146 442
24192 474
24238 484
24285 505
24331 525
24377 546
24424 557
24470 586
24517 606
24563 626
24609 639
24656 668
24702 687
24748 707
24795 727
24841 736
24888 766
24934 787
24980 807
25028 826
25074 845
25121 865
25167 885
25213 903
25260 912
25306 893
25353 874
25399 854
25445 835
25492 815
25538 792
25584 777
25631 755
25677 736
25724 717
25770 695
25816 667
25863 656
25909 635
25956 616
26003 596
26049 577
26096 555
26142 534
26189 514
26235 496
26281 508
26328 454
26374 433
26420 412
26467 397
26513 373
26560 354
26606 334
26652 313
26699 291
26745 274
26792 253
26838 234
26884 233
26931 193
26977 176
27025 157
27071 134
27117 117
27164 100
27210 81
27256 64
27303 44
27349 49
27396 71
27442 87
27488 107
27535 124
27581 144
27627 161
27674 182
27720 201
27767 220
27813 236
27859 261
27906 275
27952 299
28000 320
28046 338
28092 360
28139 381
28185 403
28232 424
28278 442
28324 467
28371 482
28417 503
28463 522
28510 557
28556 563
28603 583
28649 621
28695 623
28742 642
28788 665
28835 684
28881 707
28927 724
28974 744
29021 765
29068 782
29114 805
29160 824
29207 847
29253 863
29299 883
29346 901
29392 924
29439 896
29485 867
29531 856
29578 837
29624 817
29671 799
29717 772
29763 758
29810 738
29856 720
29902 699
29949 692
29996 658
30043 638
30089 618
30135 598
30182 599
30228 557
30275 538
30321 514
30367 497
30414 476
30460 450
30507 435
30553 415
30599 405
30646 375
30692 339
30738 335
30785 314
30831 298
30878 276
30924 247
30970 236
31018 217
31064 193
31111 177
31157 150
31203 139
31250 115
31296 103
31342 84
31389 65
31435 42
31482 45
31528 67
31574 86
31621 102
31667 122
31714 142
31760 151
31806 181
31853 199
31899 223
31945 229
31993 259
32039 279
32086 298
32132 317
32178 342
32225 355
32271 379
32318 399
32364 419
32410 439
32457 459
32503 480
32550 492
32596 520
32642 540
32689 563
32735 590
32781 619
32828 622
32874 645
32921 664
32967 680
33014 703
33061 723
33107 744
33154 767
33200 794
33246 802
33293 822
33339 842
33386 860
33432 879
33478 899
33525 918
33571 898
33617 849
33664 861
33710 839
33757 819
33803 800
33849 769
33896 759
33942 739
33990 718
34036 700
34082 676
34129 660
34175 640
34222 619
34268 600
34314 577
34361 559
34407 565
34453 519
34500 497
34546 480
34593 458
34639 438
34685 419
34732 400
34778 370
34824 334
34871 338
34917 318
34964 300
35011 278
35057 259
35104 237
35150 218
35197 196
35243 176
35289 153
35336 141
35382 122
35429 104
35475 85
35521 67
35568 48
35614 43
35660 64
35707 88
35753 101
35800 150
35846 139
35892 159
35939 179
35985 197
36033 217
36079 236
36125 280
36172 274
36218 296
36265 316
36311 337
36357 357
36404 378
36450 397
36496 417
36543 437
36589 460
36636 478
36682 497
36728 519
36775 556
36821 560
36867 579
36914 597
36960 620
37008 649
37054 657
37101 677
37147 699
37193 720
37240 741
37286 759
37332 779
37379 800
37425 819
37472 840
37518 859
37564 876
37611 893
37657 921
37703 900
37750 899
37796 860
37843 843
37889 822
37935 802
37982 768
38029 763
38076 742
38122 723
38168 702
38215 683
38261 662
38308 646
38354 622
38400 602
38447 583
38493 561
38539 541
38586 521
38632 523
38679 485
38725 450
38771 425
38818 420
38864 400
38911 380
38957 364
39004 341
39051 319
39097 300
39144 282
39190 256
39236 240
39283 222
39329 201
39375 182
39422 164
39468 143
39515 124
39561 106
39607 94
39654 66
39700 46
39747 41
39793 61
39839 81
39886 99
39932 115
39978 136
40026 156
40072 176
40119 194
40165 213
40211 235
40258 259
40304 274
40351 293
40397 313
40443 334
40490 354
40536 372
40582 396
40629 414
40675 435
40722 456
40768 476
40814 492
40861 515
40907 540
40954 556
41001 580
41047 599
41094 618
41140 638
41187 656
41233 674
41279 699
41326 719
41372 738
41418 759
41465 779
41511 798
41558 814
41604 841
41650 856
41697 875
41743 894
41790 911
41836 901
41882 883
41929 864
41975 840
42023 825
42069 803
42115 782
42162 762
42208 745
42254 724
42301 704
42347 683
42394 665
42440 642
42486 624
42533 604
42579 584
42626 561
42672 546
42718 523
42765 503
42811 481
42857 469
42904 442
42950 422
42998 405
43044 381
43090 365
43137 341
43183 321
43230 300
43276 282
43322 261
43369 242
43415 231
43462 203
43508 112
43554 164
43601 146
43647 116
43693 108
43740 92
43786 69
43833 3
43879 43
43925 59
43972 77
44019 98
44066 118
44112 136
44158 154
44205 172
44251 192
44297 210
44344 233
44390 251
44437 272
44483 293
44529 331
44576 332
44622 351
44669 371
44715 388
44761 412
44808 420
44854 454
44900 473
44947 491
44994 515
45041 535
45087 556
45133 548
45180 592
45226 616
45273 610
45319 657
45365 676
45412 696
45458 717
45505 738
45551 755
45597 780
45644 796
45690 812
45736 834
45783 854
45829 875
45876 894
45922 910
45968 903
46016 883
46062 865
46109 819
46155 814
46201 806
46248 786
46294 766
46341 747
46387 726
46433 708
46480 685
46526 666
46572 645
46619 626
46665 598
46712 586
46758 568
46804 549
46851 553
46897 504
46943 486
46991 455
47037 442
47084 424
47130 401
47177 384
47223 362
47269 344
47316 334
47362 304
47408 264
47455 263
47501 274
47548 223
47594 205
47640 187
47687 167
47733 143
47779 124
47826 110
47872 88
47919 72
47965 41
48012 35
48059 58
48105 78
48152 93
48198 118
48244 133
48291 153
48337 171
48384 191
48430 213
48476 227
48523 228
48569 268
48615 276
48662 311
48708 329
48755 342
48801 370
48847 391
48894 410
48940 440
48988 454
49035 472
49081 503
49127 513
49174 530
49220 553
49267 573
49313 592
49359 613
49406 635
49452 653
49498 678
49545 695
49591 714
49638 735
49684 754
49730 774
49777 798
49823 818
49870 833
49916 852
49962 872
50010 887
50056 931
50103 904
50149 885
50195 863
50242 847
50288 826
50334 807
50381 788
50427 769
50474 762
50520 727
50566 706
50613 687
50659 669
50705 668
50752 629
50798 608
50845 588
50891 568
50937 546
50984 527
51031 509
51078 486
51124 463
51170 446
51217 428
51263 407
51310 385
51356 366
51402 347
51449 326
51495 306
51541 286
51588 265
51634 248
51681 232
51727 207
51773 187
51820 181
51866 149
51913 132
51959 112
52006 67
52053 76
52099 64
52146 26
52192 57
52238 78
52285 93
52331 112
52377 133
52424 150
52470 170
52517 189
52563 207
52609 234
52656 246
52702 268
52749 298
52795 307
52841 328
52888 347
52934 368
52980 385
53028 409
53074 429
53121 451
53167 469
53213 491
53260 510
53306 511
53353 551
53399 571
53445 590
53492 612
53538 630
53584 652
53631 672
53677 692
53724 710
53770 730
53816 752
53863 769
53909 791
53956 813
54003 831
54049 851
54096 870
54142 889
54189 907
54235 907
54281 888
54328 868
54374 849
54420 830
54467 826
54513 790
54560 771
54606 753
54652 731
54699 716
54745 690
54792 671
54838 651
54884 630
54931 597
54977 590
55025 568
55071 550
55117 530
55164 502
55210 489
55256 498
55303 448
55349 428
55396 407
55442 388
55488 368
55535 350
55581 319
55628 307
55674 289
55720 268
55767 248
55813 225
55859 209
55906 174
55952 170
56000 152
56046 131
56092 113
56139 93
56185 76
56232 71
56278 39
56324 53
56371 73
56417 89
56464 111
56510 128
56556 127
56603 167
56649 187
56695 205
56742 230
56788 244
56835 265
56881 287
56927 303
56974 326
57021 354
57068 367
57114 386
57160 404
57207 442
57253 447
57299 468
57346 485
57392 505
57439 530
57485 550
57531 569
57578 590
57624 612
57671 630
57717 649
57763 671
57810 689
57856 703
57902 728
57949 750
57996 768
58043 790
58089 847
58135 830
58182 848
58228 869
58275 887
58321 909
58367 910
58414 891
58460 870
58507 848
58553 831
58599 813
58646 805
58692 773
58738 752
58785 734
58831 714
58878 694
58924 673
58970 655
59018 637
59064 614
59111 592
59157 572
59203 555
59250 527
59296 508
59343 492
59389 466
59435 455
59482 433
59528 410
59574 387
59621 370
59667 349
59714 347
59760 310
59806 293
59853 270
59899 249
59945 229
59993 211
60039 190
60086 172
60132 146
60179 134
60225 115
60271 94
60318 78
60364 60
60410 41
60457 53
60503 71
60550 92
60596 109
60642 129
60689 172
60735 165
60781 186
60828 206
60874 243
60921 253
60967 263
61014 284
61061 301
61107 290
61154 345
61200 364
61246 384
61293 404
61339 426
61386 445
61432 465
61478 486
61525 506
61571 526
61617 538
61664 539
61710 586
61757 602
61803 628
61849 656
61896 661
61942 689
61990 723
62036 725
62082 749
62129 767
62175 788
62222 815
62268 826
62314 866
62361 865
62407 886
62453 928
62500 910
62546 893
62593 873
62639 853
62685 834
62732 807
62778 795
62824 773
62871 756
62917 736
62964 714
63011 694
63058 676
63104 653
63150 634
63197 631
63243 594
63289 574
63336 554
63382 533
63429 519
63475 490
63521 472
63568 452
63614 431
63660 409
63707 398
63753 371
63800 352
63846 332
63892 311
63939 313
63985 268
64033 252
64079 232
64125 212
64172 189
64218 174
64265 155
64311 136
64357 117
64404 99
64450 80
64496 60
64543 46
64589 49
64636 69
64682 92
64728 111
64775 125
64821 145
64867 165
64914 183
64960 202
65008 228
65054 237
65101 261
65147 283
65193 303
65240 326
65286 342
65332 361
65379 382
65425 402
65472 433
65518 442
65564 456
65611 483
65657 503
65703 523
65750 560
65796 580
65843 585
65889 605
65935 626
65982 638
66029 663
66076 686
66122 720
66168 726
66215 748
66261 766
66308 785
66354 806
66400 826
66447 834
66493 865
66539 883
66586 903
66632 903
66679 892
66725 875
66771 858
66818 835
66864 817
66911 799
66957 776
67004 757
67051 737
67097 718
67144 695
67190 677
67236 658
67283 637
67329 617
67375 597
67422 576
67468 557
67515 535
67561 517
67607 500
67654 470
67700 455
67747 435
67793 418
67839 382
67886 374
67932 354
67978 334
68026 317
68072 309
68119 274
68165 253
68211 234
68258 203
68304 198
68351 176
68397 157
68443 139
68490 121
68536 102
68582 82
68629 64
68675 47
68722 67
68768 69
68814 87
68861 106
68907 123
68954 141
69001 162
69047 205
69094 201
69140 219
69187 242
69233 259
69279 274
69326 300
69372 319
69418 339
69465 358
69511 380
69558 384
69604 420
69650 438
69697 460
69743 480
69790 501
69836 522
69882 514
69929 552
69975 582
70023 602
70069 622
70115 651
70162 663
70208 685
70254 704
70301 724
70347 744
70394 765
70440 784
70486 803
70533 822
70579 879
70626 862
70672 883
70718 900
70765 920
70811 894
70857 884
70904 834
70950 837
70998 817
71044 797
71090 779
71137 758
71183 740
71230 720
71276 704
71322 679
71369 659
71415 639
71462 618
71508 600
71554 587
71601 558
71647 552
71693 516
71740 498
71786 478
71833 456
71879 435
71925 417
71972 396
72019 368
72066 357
72112 335
72158 317
72205 294
72251 276
72297 256
72344 237
72390 217
72437 197
72483 179
72529 152
72576 140
72622 124
72669 103
72715 82
72761 67
72808 46
72854 46
72900 64
72947 81
72994 104
73041 123
73087 141
73133 160
73180 175
73226 198
73273 218
73319 235
73365 257
73412 278
73458 316
73505 317
73551 335
73597 358
73644 377
73690 397
73736 418
73783 438
73829 459
73876 479
73922 503
73968 520
74016 541
74062 554
74109 580
74155 601
74201 621
74248 633
74294 661
74341 682
74387 702
74433 723
74480 742
74526 761
74572 781
74619 801
74665 820
74712 842
74758 861
74804 898
74851 898
74897 917
74943 897
74991 878
75037 862
75084 839
75130 820
75177 799
75223 806
75269 757
75316 741
75362 722
75408 701
75455 678
75501 662
75548 643
75594 622
75640 601
75687 507
75733 561
75779 537
75826 520
75872 521
75919 481
75965 459
76012 438
76059 419
76105 404
76152 376
76198 358
76244 338
76291 318
76337 299
76384 279
76430 258
76476 241
76523 220
76569 200
76615 192
76662 153
76708 142
76755 124
76801 105
76847 87
76894 68
76940 50
76988 43
77035 63
77081 83
77127 102
77174 119
77220 138
77267 158
77313 177
77359 196
77406 215
77452 234
77498 262
77545 276
77591 296
77638 314
77684 333
77730 372
77777 375
77823 396
77870 418
77916 437
77962 458
78010 476
78056 497
78103 518
78149 537
78195 562
78242 579
78288 594
78334 620
78381 639
78427 660
78474 677
78520 696
78566 721
78613 739
78659 759
78705 788
78752 799
78798 819
78845 837
78891 858
78937 878
78984 898
79031 915
79078 899
79124 876
79170 874
79217 842
79263 822
79310 800
79356 783
79402 762
79449 751
79495 723
79541 703
79588 676
79634 663
79681 643
79727 627
79773 604
79820 601
79866 561
79913 540
79959 522
80006 492
80053 482
80099 460
80146 495
80192 421
80238 398
80285 381
80331 359
80377 339
80424 319
80470 300
80517 280
80563 256
80609 240
80656 222
80702 202
80749 180
80795 182
80841 144
80888 125
80934 107
80980 84
81028 64
81074 50
81121 43
81167 63
81213 77
81260 99
81306 118
81353 136
81399 156
81445 177
81492 194
81538 210
81584 238
81631 236
81677 272
81724 294
81770 296
81816 330
81863 353
81909 374
81956 421
82003 416
82049 435
82096 455
82142 476
82189 495
82235 514
82281 536
82328 556
82374 576
82420 595
82467 617
82513 637
82560 657
82606 729
82652 700
82699 717
82745 738
82792 757
82838 778
82884 797
82931 816
82977 836
83025 856
83071 886
83117 894
83164 915
83210 902
83256 858
83303 925
83349 843
83396 814
83442 804
83488 780
83535 765
83581 745
83628 725
83674 705
83720 686
83767 663
83813 645
83859 625
83906 605
83952 582
84000 565
84046 537
84092 523
84139 504
84185 483
84232 466
84278 460
84324 422
84371 403
84417 380
84464 362
84510 342
84556 322
84603 301
84649 282
84695 262
84742 243
84788 220
84835 204
84881 175
84927 205
84974 147
85021 127
85068 109
85114 90
85160 70
85207 52
85253 35
85299 60
85346 78
85392 96
85439 131
85485 135
85531 153
85578 170
85624 212
85671 212
85717 231
85763 252
85810 269
85856 299
85902 304
85949 332
85996 350
86043 371
86089 395
86135 410
86182 432
86228 453
86275 469
86321 492
86367 514
86414 533
86460 554
86507 573
86553 592
86599 615
86646 633
86692 658
86738 666
86785 697
86831 716
86878 733
86924 756
86970 777
87018 794
87064 816
87111 834
87157 854
87203 872
87250 892
87296 916
87343 904
87389 884
87435 868
87482 844
87528 831
87574 807
87621 786
87667 767
87714 737
87760 727
87806 708
87853 686
87899 667
87945 650
87993 626
88039 607
88086 587
88132 566
88179 546
88225 528
88271 505
88318 486
88364 464
88410 448
88457 425
88503 405
88550 382
88596 362
88642 342
88689 325
88735 305
88781 285
88828 266
88874 245
88921 227
88967 205
89014 186
89061 169
89107 148
89154 144
89200 110
89246 73
89293 69
89339 55
89386 35
89432 59
89478 76
89525 95
89571 109
89617 132
89664 152
89710 167
89757 191
89803 211
89849 229
89896 250
89942 268
89990 280
90036 299
90082 329
90129 351
90175 371
90222 392
90268 410
90314 431
90361 450
90407 471
90453 491
90500 561
90546 531
90593 552
90639 572
90685 593
90732 613
90778 637
90824 653
90871 672
90917 695
90964 714
91011 734
91058 754
91104 780
91150 793
91197 803
91243 832
91289 853
91336 871
91382 890
91429 910
91475 906
91521 886
91568 866
91614 853
91660 840
91707 808
91753 790
91800 770
91846 749
91892 730
91939 709
91985 689
92033 671
92079 662
92125 629
92172 609
92218 591
92265 568
92311 549
92357 529
92404 505
92450 487
92496 464
92543 452
92589 426
92636 407
92682 386
92728 367
92775 346
92821 319
92867 307
92914 287
92960 265
93008 247
93054 226
93101 207
93147 188
93193 171
93240 160
93286 130
93332 111
93379 93
93425 74
93472 48
93518 39
93564 51
93611 74
93657 91
93703 110
93750 131
93796 149
93843 169
93889 188
93935 208
93982 228
94029 247
94076 268
94122 308
94168 305
94215 327
94261 348
94308 367
94354 388
94400 404
94447 413
94493 449
94539 468
94586 489
94632 509
94679 527
94725 550
94771 570
94818 592
94864 610
94911 625
94957 652
95004 674
95051 692
95097 715
