47 830
74 784
100 726
126 745
154 718
180 672
207 653
233 653
259 633
286 607
312 585
339 566
365 545
391 533
418 514
444 495
471 476
497 462
523 447
550 427
576 416
602 401
629 385
655 376
682 382
708 336
734 334
761 327
787 313
813 270
840 280
866 286
893 283
919 264
945 252
972 245
998 233
1025 234
1051 219
1077 209
1104 201
1130 197
1158 186
1184 182
1210 171
1237 164
1263 153
1289 120
1316 146
1342 141
1369 135
1395 127
1421 124
1448 124
1474 113
1501 108
1527 102
1553 97
1580 107
1606 91
1632 87
1659 84
1685 80
1712 73
1738 73
1764 68
1791 64
1817 59
1843 59
1870 53
1896 50
1923 61
1949 44
1975 41
2002 40
2028 35
2055 0
2081 31
2107 5
2134 0
2161 30
2188 21
2214 30
2240 15
2267 16
2293 17
2319 14
2346 9
2372 9
2399 10
2425 7
2451 2
2478 0
2504 0
2531 1
2557 0
2583 0
2610 0
2636 0
2662 0
2689 3
2715 0
2742 0
2768 0
2794 0
2821 0
2847 0
2873 0
2900 0
2926 0
2953 0
2979 0
3005 0
3032 0
3058 0
3085 0
3111 0
3137 0
3165 0
3191 0
3218 0
3244 0
3270 0
3297 0
3323 0
3349 0
3376 0
3402 0
3429 0
3455 0
3481 0
3508 0
3534 0
3560 0
3587 0
3613 0
3640 0
3666 0
3692 0
3719 0
3745 0
3772 0
3798 0
3824 0
3851 0
3877 0
3903 0
3930 0
3956 0
3983 0
4009 0
4035 0
4062 0
4088 0
4114 0
4141 0
4168 0
4195 0
4221 0
4248 0
4274 0
4300 0
4327 0
4353 0
4379 0
4406 0
4432 0
4459 0
4485 0
4511 0
4538 0
4564 0
4590 0
4617 0
4643 0
4670 0
4696 0
4722 0
4749 0
4775 0
4802 0
4828 0
4854 0
4881 0
4907 0
4933 0
4960 0
4986 0
5013 0
5039 0
5065 0
5092 0
5118 0
5144 0
5171 0
5198 0
5224 0
5251 0
5277 0
5303 0
5330 0
5356 0
5382 0
5409 0
5435 0
5462 0
5488 0
5514 0
5541 0
5567 0
5593 0
5620 0
5646 0
5673 0
5699 0
5725 0
5752 0
5778 0
5805 0
5831 0
5857 0
5884 0
5910 0
5936 0
5963 0
5989 0
6016 0
6042 0
6068 0
6095 0
6121 0
6147 0
6175 0
6201 0
6228 0
6254 0
6281 0
6307 0
6333 0
6360 0
6386 0
6412 0
6439 0
6465 0
6492 0
6518 0
6544 0
6571 0
6597 0
6624 0
6650 0
6676 0
6703 0
6729 0
6755 0
6782 0
6808 0
6835 0
6861 0
6887 0
6914 0
6940 0
6966 0
6993 0
7019 0
7046 0
7072 8
7098 0
7125 0
7152 0
7179 0
7205 0
7231 34
7258 0
7284 0
7311 0
7337 0
7363 0
7390 0
7416 0
7442 0
7469 0
7495 0
7522 0
7548 0
7574 0
7601 0
7627 0
7654 0
7680 0
7706 0
7733 17
7759 0
7785 0
7812 0
7838 0
7865 0
7891 0
7917 0
7944 0
7970 0
7996 0
8023 0
8049 0
8076 0
8102 0
8128 0
8156 0
8182 0
8209 0
8235 0
8261 0
8288 0
8314 0
8341 0
8367 0
8393 0
8420 0
8446 0
8472 0
8499 0
8525 0
8552 0
8578 0
8604 0
8631 0
8657 0
8684 0
8710 0
8736 0
8763 0
8789 0
8815 0
8842 0
8868 0
8895 0
8921 0
8947 0
8974 0
9000 0
9026 0
9053 0
9079 0
9106 53
9132 0
9159 0
9186 0
9212 0
9239 0
9265 5
9291 0
9318 0
9344 0
9371 0
9397 0
9423 0
9450 0
9476 0
9502 0
9529 26
9555 54
9582 65
9608 104
9634 128
9661 151
9687 181
9713 204
9740 236
9766 246
9793 254
9819 277
9845 295
9872 319
9898 332
9925 348
9951 363
9977 378
10004 394
10030 407
10056 418
10083 439
10109 452
10136 465
10163 478
10189 435
10216 504
10242 509
10269 526
10295 536
10321 514
10348 559
10374 591
10401 560
10427 587
10453 595
10480 603
10506 606
10532 620
10559 629
10585 639
10612 648
10638 650
10664 665
10691 665
10717 669
10743 679
10770 686
10796 697
10823 685
10849 698
10875 705
10902 716
10928 714
10955 719
10981 651
11007 726
11034 733
11060 747
11086 743
11113 748
11139 752
11167 753
11193 759
11219 764
11246 761
11272 770
11299 770
11325 774
11351 778
11378 783
11404 786
11431 799
11457 791
11483 793
11510 797
11536 796
11562 802
11589 826
11615 807
11642 803
11668 813
11694 810
11721 815
11747 819
11773 823
11800 815
11826 826
11853 822
11879 824
11905 829
11932 821
11958 827
11985 831
12011 835
12037 843
12064 848
12090 827
12116 836
12143 840
12170 843
12197 842
12223 832
12249 867
12276 844
12302 845
12329 854
12355 849
12381 851
12408 849
12434 851
12461 852
12487 854
12513 855
12540 858
12566 854
12592 858
12619 855
12645 857
12672 858
12698 855
12724 861
12751 859
12777 862
12803 856
12830 873
12856 871
12883 888
12909 863
12935 867
12962 859
12988 868
13015 859
13041 868
13067 865
13094 867
13120 868
13146 868
13174 866
13200 867
13227 867
13253 869
13279 870
13306 862
13332 860
13359 867
13385 872
13411 870
13438 873
13464 881
13491 874
13517 864
13543 870
13570 872
13596 871
13622 870
13649 873
13675 873
13702 874
13728 879
13754 866
13781 875
13807 819
13833 926
13860 875
13886 877
13913 907
13939 865
13965 881
13992 877
14018 874
14045 874
14071 879
14097 878
14124 867
14151 871
14178 877
14204 875
14230 807
14257 854
14283 876
14309 874
14336 870
14362 878
14389 878
14415 873
14441 876
14468 875
14494 878
14521 878
14547 865
14573 875
14600 874
14626 878
14652 877
14679 876
14705 882
14732 898
14758 864
14784 874
14811 879
14837 871
14863 878
14890 870
14916 878
14943 878
14969 877
14995 877
15022 875
15048 879
15075 876
15101 881
15127 880
15155 878
15181 879
15208 877
15234 881
15260 879
15287 859
15313 896
15339 880
15366 912
15392 879
15419 878
15445 879
15471 880
15498 882
15524 885
15550 879
15577 882
15603 881
15630 877
15656 872
15682 880
15709 879
15735 878
15762 880
15788 857
15814 865
15841 874
15867 881
15893 880
15920 884
15946 883
15973 909
15999 875
16025 883
16052 880
16078 878
16104 882
16131 882
16158 879
16185 880
16211 889
16238 879
16264 882
16290 879
16317 881
16343 880
16369 880
16396 881
16422 874
16449 875
16475 878
16501 881
16528 880
16554 879
16580 862
16607 882
16633 882
16660 881
16686 883
16712 878
16739 879
16765 870
16792 877
16818 879
16844 881
16871 883
16897 878
16923 879
16950 881
16976 882
17003 881
17029 879
17055 874
17082 896
17108 873
17134 879
17162 871
17188 909
17215 865
17241 886
17268 877
17294 879
17320 877
17347 921
17373 860
17399 878
17426 880
17452 880
17479 882
17505 881
17531 882
17558 880
17584 879
17610 878
17637 880
17663 883
17690 880
17716 880
17742 879
17769 879
17795 801
17822 881
17848 878
17874 866
17901 874
17927 880
17953 885
17980 882
18006 859
18033 882
18059 880
18085 885
18112 874
18138 879
18166 881
18192 880
18218 882
18245 879
18271 881
18298 877
18324 881
18350 880
18377 880
18403 881
18429 877
18456 856
18482 875
18509 901
18535 885
18561 877
18588 879
18614 878
18640 881
18667 882
18693 879
18720 882
18746 877
18772 882
18799 882
18825 868
18852 881
18878 879
18904 851
18931 835
18957 797
18983 768
19010 742
19036 720
19063 637
19089 672
19115 666
19142 632
19169 609
19196 586
19222 576
19248 580
19275 542
19301 510
19327 494
19354 477
19380 459
19407 447
19433 428
19459 416
19486 403
19512 391
19539 378
19565 359
19591 348
19618 336
19644 325
19670 316
19697 301
19723 311
19750 290
19776 272
19802 261
19829 258
19855 239
19881 205
19908 223
19934 215
19961 206
19987 203
20013 188
20040 186
20066 177
20093 172
20119 165
20145 158
20172 161
20198 122
20224 141
20251 132
20277 129
20304 77
20330 140
20356 91
20383 110
20409 97
20435 99
20462 90
20488 87
20515 167
20541 84
20567 79
20594 76
20620 71
20646 66
20673 63
20699 61
20726 56
20752 57
20778 49
20805 0
20831 54
20858 38
20884 48
20910 41
20937 31
20963 3
20989 43
21016 76
21042 24
21069 22
21095 21
21121 16
21148 47
21175 15
21202 15
21228 2
21254 11
21281 8
21307 3
21334 3
21360 2
21386 0
21413 0
21439 21
21465 0
21492 0
21518 0
21545 0
21571 0
21597 0
21624 0
21650 0
21677 0
21703 0
21729 0
21756 0
21782 0
21808 0
21835 0
21861 0
21888 0
21914 0
21940 0
21967 0
21993 0
22019 0
22046 0
22072 0
22099 0
22125 0
22153 0
22179 8
22205 0
22232 0
22258 0
22284 0
22311 0
22337 0
22364 0
22390 0
22416 0
22443 0
22469 0
22495 0
22522 0
22548 0
22575 0
22601 0
22627 0
22654 0
22680 0
22707 0
22733 0
22759 0
22786 0
22812 0
22838 0
22865 0
22891 0
22918 0
22944 0
22970 0
22997 0
23023 0
23049 0
23076 0
23102 0
23129 0
23156 0
23183 0
23209 0
23235 0
23262 0
23288 25
23314 0
23341 0
23367 0
23394 0
23420 0
23446 0
23473 0
23499 0
23525 0
23552 0
23578 0
23605 0
23631 0
23657 0
23684 0
23710 0
23737 0
23763 0
23789 0
23816 0
23842 0
23868 0
23895 0
23921 0
23948 0
23974 0
24000 0
24027 0
24053 0
24079 0
24106 0
24132 0
24160 0
24186 0
24213 0
24239 0
24265 0
24292 0
24318 0
24344 0
24371 0
24397 0
24424 0
24450 0
24476 0
24503 0
24529 0
24555 0
24582 0
24608 0
24635 0
24661 0
24687 0
24714 0
24740 0
24767 0
24793 0
24819 0
24846 0
24872 0
24898 0
24925 0
24951 0
24978 0
25004 0
25030 0
25057 0
25083 0
25109 0
25136 0
25163 0
25190 0
25216 0
25242 0
25269 0
25295 0
25322 0
25348 0
25374 0
25401 0
25427 0
25454 0
25480 0
25506 0
25533 0
25559 0
25585 0
25612 0
25638 0
25665 0
25691 0
25717 0
25744 0
25770 0
25796 0
25823 0
25849 0
25876 0
25902 0
25928 0
25955 0
25981 0
26008 0
26034 0
26060 0
26087 0
26113 0
26139 0
26167 0
26193 0
26220 0
26246 0
26272 0
26299 0
26325 0
26352 0
26378 0
26404 0
26431 0
26457 0
26484 0
26510 0
26536 0
26563 0
26589 0
26615 0
26642 0
26668 0
26695 0
26721 0
26747 0
26774 0
26800 0
26826 0
26853 0
26879 0
26906 0
26932 0
26958 0
26985 0
27011 0
27038 0
27064 0
