47 950
134 929
220 950
307 950
393 947
479 950
566 952
652 963
739 948
825 951
911 952
999 950
1085 0
1172 0
1258 0
1344 0
1431 0
1517 0
1603 0
1690 0
1776 0
1863 0
1949 0
2037 0
2123 0
2209 0
2296 0
2382 0
2468 0
2555 19
2641 0
2728 0
2814 0
2900 0
2988 0
3074 0
3161 8
3247 0
3333 0
3420 0
3506 0
3593 0
3679 0
3765 0
3852 951
3938 951
4026 952
4112 952
4198 952
4285 951
4371 951
4458 951
4544 949
4630 951
4717 931
4803 949
4889 949
4976 950
5063 951
5150 951
5236 950
5322 0
5409 0
5495 0
5582 0
5668 0
5754 0
5841 0
5927 0
6015 0
6101 0
6187 0
6274 0
6360 0
6447 0
6533 0
6619 0
6706 0
6792 57
6878 0
6965 1
7052 0
7139 0
7225 0
7311 22
7398 0
7484 0
7571 0
7657 0
7743 0
7830 0
7916 0
8004 0
8090 950
8176 948
8263 951
8349 956
8436 951
8522 951
8608 950
8695 951
8781 950
8867 954
8954 951
9041 951
9128 950
9214 951
9301 950
9387 950
9473 945
9560 0
9646 0
9732 0
9819 10
9905 0
9993 0
10079 0
10165 0
10252 0
10338 0
10425 0
10511 0
10597 0
10684 0
10770 0
10857 0
10943 0
11030 0
11117 9
11203 0
11290 0
11376 0
11462 0
11549 0
11635 0
11721 0
11808 0
11894 0
11981 0
12068 0
12155 0
12241 0
12327 966
12414 950
12500 951
12586 950
12673 950
12759 958
12846 951
12932 949
13019 951
13106 950
13192 947
13279 950
13365 952
13451 950
13538 950
13624 935
13711 950
13797 0
13883 0
13970 0
14057 0
14144 0
14230 0
14316 0
14403 0
14489 0
14575 0
14662 0
14748 0
14835 0
14921 0
15008 0
15095 0
15181 0
15268 0
15354 0
15440 0
15527 0
15613 0
15700 0
15786 0
15872 0
15959 0
16046 0
16133 0
16219 0
16305 0
16392 0
16478 0
16564 948
16651 956
16737 951
16824 952
16910 946
16998 952
17084 950
17170 951
17257 950
17343 950
17429 950
17516 953
17602 950
17689 950
17775 972
17861 950
17948 0
18035 0
18122 0
18208 0
18294 0
18381 0
18467 0
18554 0
18640 0
18726 0
18813 0
18899 0
18985 0
19073 0
19159 0
19246 0
19332 0
19418 0
19505 0
19591 0
19678 0
19764 0
19850 0
19937 0
20024 0
20111 0
20197 0
20283 0
20370 0
20456 0
20543 0
20629 0
20715 0
20802 948
20888 949
20974 957
21062 949
21148 951
21235 950
21321 951
21407 950
21494 950
21580 950
21667 963
21753 950
21839 966
21926 953
22013 951
22100 947
22186 0
22272 0
22359 0
22445 0
22532 0
22618 0
22704 0
22791 0
22877 0
22963 0
23051 16
23137 0
23224 0
23310 0
23397 0
23483 0
23569 0
23656 0
23742 0
23828 0
23915 0
24002 0
24089 0
24175 0
24261 0
24348 0
24434 0
24521 0
24607 0
24693 12
24780 0
24866 0
24953 0
25040 951
25126 951
25213 949
25299 953
25386 950
25472 950
25558 953
25645 952
25731 952
25817 947
25904 951
25991 926
26078 947
26164 949
26250 950
26337 950
26423 0
26510 0
26596 0
26682 0
26769 0
26855 0
26942 0
27029 0
27115 0
27202 0
27288 0
27375 0
27461 0
27547 0
27634 0
27720 0
27806 0
27893 0
27979 0
28067 15
28153 0
28240 0
28326 0
28412 0
28499 0
28585 0
28671 0
28758 0
28844 0
28931 0
29018 0
29104 0
29191 0
29277 950
29364 951
29450 950
29536 950
29623 945
29709 950
29796 951
29882 951
29968 950
30056 949
30142 950
30229 948
30315 948
30401 950
30488 950
30574 949
30660 0
30747 0
30833 0
30920 0
31007 0
31094 0
31180 0
31266 19
31353 0
31439 0
31525 0
31612 0
31698 0
31785 0
31871 0
31957 0
32045 0
32131 0
32218 0
32304 0
32390 0
32477 0
32563 0
32650 0
32736 0
32822 0
32909 0
32996 0
33083 0
33169 0
33255 0
33342 0
33428 0
33514 952
33601 950
33687 950
33774 941
33860 950
33946 951
34034 955
34120 949
34207 950
34293 953
34379 951
34466 948
34552 950
34639 950
34725 950
34811 951
34898 0
34984 0
35072 0
35158 0
35244 0
35331 0
35417 0
35504 0
35590 0
35676 0
35763 0
35849 0
35935 0
36023 0
36109 0
36196 0
36282 0
36368 0
36455 0
36541 0
36628 0
36714 0
36800 11
36887 0
36973 22
37061 0
37147 0
37233 0
37320 0
37406 0
37493 0
37579 0
37665 949
37752 951
37838 957
37924 975
38012 951
38098 952
38185 951
38271 952
38358 952
38444 951
38530 953
38617 943
38703 948
38789 949
38876 951
38962 950
39050 951
39136 0
39222 0
39309 0
39395 0
39482 3
39568 0
39654 0
39741 0
39827 0
39914 0
40001 0
40087 0
40174 0
40260 0
40347 0
40433 0
40519 0
40606 19
40692 11
40778 0
40865 7
40951 0
41039 0
41125 0
41212 0
41298 0
41384 0
41471 0
41557 0
41643 0
41730 0
41816 0
41903 953
41990 939
42076 961
42163 953
42249 948
42336 951
42422 950
42508 950
42595 951
42681 950
42767 950
42854 951
42940 915
43028 950
43114 974
43201 949
43287 950
43373 4
43460 0
43546 0
43632 0
43719 0
43805 0
43892 0
43978 0
44065 0
44152 0
44238 0
44325 0
44411 0
44497 0
44584 0
44670 0
44757 0
44843 0
44929 0
45017 0
45103 0
45190 0
45276 0
45362 0
45449 0
45535 0
45621 0
45708 0
45794 0
45881 53
45967 0
46055 0
46141 923
46227 955
46314 950
46400 951
46486 952
46573 949
46659 951
46746 948
46832 951
46918 950
47006 948
47092 951
47179 951
47265 949
47351 951
47438 951
47524 968
47611 0
47697 0
47783 0
47870 0
47956 0
48044 0
48130 0
48216 0
48303 0
48389 0
48475 0
48562 0
48648 0
48735 0
48821 0
48907 0
48995 0
49081 0
49168 0
49254 0
49340 0
49427 0
49513 0
49600 0
49686 0
49772 10
49859 0
49945 0
50033 13
50119 0
50205 0
50292 0
50378 950
50465 939
50551 951
50637 949
50724 950
50810 951
50896 953
50983 952
51069 951
51156 963
51242 950
51329 951
51415 950
51501 949
51588 949
51674 958
51760 950
51847 20
51933 0
52021 0
52107 0
52193 0
52280 0
52366 0
52453 0
52539 0
52625 0
52712 0
52798 0
52885 0
52971 16
53058 0
53145 0
53231 0
53318 0
53404 0
53490 0
53577 0
53663 0
53749 0
53836 0
53922 4
54010 0
54096 0
54183 2
54269 0
54355 0
54442 0
54528 0
54614 954
54701 950
54787 951
54874 950
54960 949
55047 950
55134 951
55220 929
55307 963
55393 950
55479 950
55566 951
55652 950
55739 947
55825 962
55911 949
55999 951
56085 9
56172 0
56258 0
56344 0
56431 0
56517 3
56603 0
56690 0
56776 0
56863 0
56949 0
57036 0
57123 10
57209 0
57296 0
57382 0
57468 0
57555 0
57641 0
57728 0
57814 0
57900 0
57988 0
58074 0
58161 0
58247 0
58333 0
58420 0
58506 0
58593 0
58679 0
58765 0
58852 950
58938 951
59026 951
59112 951
59198 951
59285 951
59371 951
59457 953
59544 951
59630 951
59717 951
59803 949
59889 949
59976 950
60063 949
60150 951
60236 951
60322 0
60409 0
60495 0
60582 0
60668 0
60754 0
60841 0
60927 0
61015 0
61101 0
61187 0
61274 0
61360 0
61447 0
61533 0
61619 0
61706 0
61792 0
61878 0
61965 0
62052 0
62139 0
62225 0
62311 0
62398 0
62484 0
62571 0
62657 0
62743 0
62830 0
62916 0
63004 0
63090 950
63176 951
63263 935
63349 950
63436 949
63522 952
63608 950
63695 950
63781 940
63867 950
63954 950
64041 951
64128 954
64214 952
64300 950
64387 951
64473 950
64560 0
64646 0
64732 0
64819 0
64905 0
64993 0
65079 0
65165 0
65252 0
65338 0
65425 0
65511 0
65597 0
65684 0
65770 0
65856 0
65943 0
66030 9
66117 0
66203 0
66290 0
66376 0
66462 0
66549 0
66635 0
66721 0
66808 8
66894 0
66981 0
67068 0
67154 0
67241 0
67327 951
67414 950
67500 952
67586 971
67673 941
67759 949
67846 950
67932 950
68019 950
68106 950
68192 950
68279 949
68365 954
68451 949
68538 951
68624 951
68710 0
68797 0
68883 0
68970 0
69057 0
69144 0
69230 0
69316 0
69403 0
69489 0
69575 0
69662 0
69748 0
69835 0
69921 0
70008 0
70095 0
70181 0
70268 0
70354 0
70440 0
70527 0
70613 22
70700 0
70786 0
70872 0
70959 0
71046 0
71133 0
71219 0
71305 0
71392 0
71478 0
71564 951
71651 951
71737 945
71824 949
71910 951
71997 951
72084 950
72170 952
72257 950
72343 951
72429 950
72516 949
72602 950
72689 951
72775 950
72861 952
72948 0
73035 0
73122 0
73208 0
73294 0
73381 0
73467 0
73553 0
73640 0
73726 0
73813 0
73899 0
73985 0
74073 5
74159 0
74246 3
74332 0
74418 0
74505 0
74591 0
74678 0
74764 15
74850 0
74937 0
75024 0
75111 0
75197 0
75283 0
75370 0
75456 0
75542 0
75629 0
75715 0
75802 950
75888 950
75974 951
76062 949
76148 951
76235 949
76321 952
76407 951
76494 951
76580 951
76667 951
76753 950
76839 951
76926 950
77013 948
77100 942
77186 0
77272 0
77359 0
77445 0
77532 0
77618 0
77704 0
77791 0
77877 0
77963 0
78051 0
78137 0
78224 0
78310 0
78396 0
78483 0
78569 0
78656 13
78742 0
78828 0
78915 0
79002 0
79089 0
79175 0
79261 14
79348 0
79434 0
79521 0
79607 0
79693 0
79780 0
79866 0
79952 0
80040 951
80126 950
80213 950
80299 950
80386 950
80472 951
80558 950
80645 952
80731 950
80817 951
80904 951
80991 950
81078 951
81164 949
81250 950
81337 942
81423 0
81510 0
81596 0
81682 0
81769 0
81855 0
81942 0
82029 13
82115 0
82202 0
82288 0
82375 0
82461 0
82547 0
82634 0
82720 0
82806 0
82893 0
82979 0
83067 0
83153 0
83240 0
83326 0
83412 0
83499 0
83585 0
83671 0
83758 0
83844 0
83931 0
84018 0
84104 0
84191 0
84277 950
84364 949
84450 951
84536 950
84623 966
84709 951
84795 948
84882 951
84968 949
85056 953
85142 950
85229 951
85315 964
85401 951
85488 951
85574 951
85660 0
85747 0
85833 0
85920 0
86007 0
86093 0
86180 0
86266 0
86353 0
86439 0
86525 0
86612 17
86698 0
86785 0
86871 8
86957 0
87045 0
87131 0
87218 0
87304 0
87390 0
87477 0
87563 0
87649 0
87736 0
87822 0
87909 0
87996 0
88083 0
88169 0
88255 0
88342 0
88428 951
88514 974
