48 712
114 743
180 778
247 803
313 826
380 844
446 862
512 874
579 882
645 889
712 889
778 882
844 874
911 847
977 835
1045 848
1111 802
1177 773
1244 742
1310 709
1376 665
1443 636
1509 590
1576 559
1642 518
1708 476
1775 434
1841 397
1908 354
1974 316
2041 276
2108 243
2174 205
2241 177
2307 128
2373 127
2440 103
2506 89
2572 73
2639 64
2705 57
2772 55
2838 63
2904 71
2971 84
3038 102
3105 120
3171 144
3237 171
3304 201
3370 234
3437 268
3503 303
3569 345
3636 398
3702 426
3768 466
3835 498
3901 549
3968 638
4035 617
4102 667
4168 703
4234 738
4301 768
4367 805
4433 818
4500 841
4566 878
4633 871
4699 922
4765 887
4832 890
4898 882
4964 876
5032 865
5098 848
5165 830
5231 809
5298 780
5364 751
5430 718
5497 682
5563 647
5629 607
5696 568
5762 528
5829 488
5895 449
5961 404
6029 360
6095 324
6162 287
6228 250
6294 162
6361 185
6427 156
6494 130
6560 109
6626 94
6693 77
6759 67
6825 62
6892 54
6958 83
7026 77
7092 112
7158 98
7225 120
7291 138
7358 163
7424 192
7490 225
7557 257
7623 297
7690 335
7756 375
7822 413
7889 456
7955 499
8023 539
8089 580
8155 621
8222 658
8288 692
8354 729
8421 760
8487 788
8554 818
8620 836
8686 853
8753 868
8819 878
8886 890
8952 891
9019 885
9086 878
9152 836
9219 854
9285 837
9351 814
9418 790
9484 759
9550 727
9617 670
9683 659
9750 618
9816 579
9882 540
9949 499
10016 459
10083 413
10149 374
10215 335
10282 297
10348 262
10415 225
10481 196
10547 164
10614 138
10680 116
10746 96
10813 80
10879 69
10946 61
11013 56
11080 58
11146 65
11212 77
11279 92
11345 110
11411 132
11478 156
11544 191
11611 216
11677 251
11743 288
11810 325
11876 359
11942 403
12010 447
12076 488
12143 539
12209 575
12276 614
12342 650
12408 683
12475 699
12541 752
12607 784
12674 808
12740 830
12807 847
12873 865
12939 879
13007 881
13073 872
13140 887
13206 881
13272 870
13339 856
13405 839
13472 819
13538 794
13604 766
13671 734
13737 701
13803 665
13870 629
13936 589
14004 549
14070 508
14136 465
14203 424
14269 382
14336 344
14402 331
14468 268
14535 219
14601 202
14668 170
14734 134
14800 119
14867 91
14933 88
15001 57
15067 64
15133 55
15200 61
15266 63
15332 72
15399 85
15465 114
15532 126
15598 149
15664 177
15731 209
15797 242
15864 266
15930 317
15997 356
16064 394
16130 435
16197 480
16263 520
16329 561
16396 599
16462 638
16528 676
16595 711
16661 745
16728 774
16794 801
16860 825
16927 845
16994 862
17061 874
17127 882
17193 889
17260 890
17326 882
17393 872
17459 859
17525 847
17592 817
17658 802
17724 766
17791 744
17857 710
17924 675
17991 638
18058 598
18124 559
18190 522
18257 477
18323 418
18389 395
18456 356
18522 316
18589 274
18655 241
18721 210
18788 179
18854 152
18920 127
18988 109
19054 91
19121 74
19187 67
19253 58
19320 57
19386 62
19453 71
19519 82
19585 100
19652 125
19718 144
19785 169
19851 194
19917 274
19984 269
20051 306
20118 350
20184 383
20250 399
20317 464
20383 481
20450 545
20516 587
20582 629
20649 668
20715 695
20781 735
20848 767
20914 794
20981 820
21048 840
21114 857
21181 873
21247 884
21314 892
21380 890
21446 884
21513 876
21579 862
21646 849
21712 831
21778 807
21845 780
21911 752
21977 719
22045 684
22111 648
22178 609
22244 570
22310 528
22377 490
22443 446
22510 408
22576 365
22642 316
22709 287
22775 251
22842 220
22908 187
22974 157
23042 127
23108 113
23175 92
23241 72
23307 37
23374 61
23440 39
23506 62
23573 71
23639 85
23706 99
23772 115
23838 137
23905 163
23971 190
24039 225
24105 258
24171 295
24238 334
24304 375
24371 414
24437 459
24503 498
24570 538
24636 580
24702 619
24769 656
24835 693
24902 728
24968 740
25036 795
25102 813
25168 837
25235 854
25301 869
25367 868
25434 886
25500 886
25567 887
25633 886
25699 860
25766 853
25832 810
25898 814
25965 782
26032 759
26099 721
26165 691
26232 647
26298 619
26364 580
26431 538
26497 496
26563 458
26630 418
26696 377
26763 335
26829 299
26895 261
26962 226
27029 193
27096 165
27162 139
27228 115
27295 98
27361 80
27428 65
27494 61
27560 55
27627 59
27693 66
27759 77
27826 90
27892 102
27959 129
28026 160
28092 185
28159 243
28225 256
28292 284
28358 325
28424 364
28491 404
28557 440
28624 488
28690 525
28756 569
28823 606
28889 647
28955 684
29023 719
29089 756
29156 781
29222 805
29288 829
29355 837
29421 865
29488 876
29554 883
29620 890
29687 886
29753 880
29820 879
29886 857
29952 841
30020 823
30086 794
30153 765
30219 736
30285 701
30352 666
30418 646
30484 589
30551 550
30617 510
30684 465
30750 425
30816 405
30883 342
30949 310
31017 268
31083 234
31149 204
31216 172
31282 146
31349 123
31415 101
31481 82
31548 72
31614 63
31680 53
31747 57
31813 64
31880 79
31946 87
32014 105
32080 123
32146 149
32213 175
32279 207
32345 241
32412 277
32478 314
32545 353
32611 392
32677 433
32744 477
32810 518
32876 559
32943 598
33010 636
33077 676
33143 708
33210 743
33276 786
33342 801
33409 825
33475 866
33541 862
33608 874
33674 883
33741 888
33807 890
33873 840
33940 860
34007 861
34074 837
34140 825
34206 810
34273 775
34339 744
34406 708
34472 673
34538 639
34605 599
34671 561
34737 520
34804 478
34870 437
34937 394
35004 355
35070 317
35137 277
35203 245
35270 209
35336 178
35402 151
35469 127
35535 108
35602 90
35668 71
35734 65
35801 60
35867 54
35933 62
36001 72
36067 85
36134 102
36200 120
36266 167
36333 171
36399 198
36466 239
36532 267
36598 325
36665 343
36731 393
36798 425
36864 469
36930 502
36998 549
37064 604
37131 627
37197 668
37263 703
37330 734
37396 767
37462 796
37529 818
37595 839
37662 858
37728 864
37794 881
37861 885
37927 890
37995 886
38061 877
38127 865
38194 849
38260 831
38327 808
38393 785
38459 752
38526 737
38592 686
38658 651
38725 620
38791 572
38858 537
38924 489
38992 442
39058 405
39124 364
39191 326
39257 309
39323 217
39390 219
39456 182
39523 156
39589 97
39655 112
39722 93
39788 78
39854 70
39921 59
39988 51
40055 63
40121 69
40188 78
40254 95
40320 114
40387 136
40453 164
40519 191
40586 224
40652 260
40719 294
40785 334
40851 373
40918 415
40984 455
41052 494
41118 539
41184 578
41251 619
41317 655
41384 689
41450 727
41516 779
41583 786
41649 810
41715 836
41782 853
41848 867
41915 879
41981 904
42048 891
42115 902
42181 877
42248 858
42314 851
42380 836
42447 812
42513 788
42580 761
42646 727
42712 694
42779 658
42845 616
42911 580
42978 543
43045 499
43112 454
43178 414
43244 376
43311 340
43377 297
43444 260
43510 226
43576 194
43643 165
43709 140
43776 116
43842 98
43908 95
43975 70
44042 56
44109 55
44175 59
44241 97
44308 76
44374 113
44440 110
44507 100
44573 145
44640 184
44706 238
44772 249
44839 286
44905 324
44972 358
45039 402
45105 445
45172 487
45238 528
45305 592
45371 607
45437 647
45504 681
45570 718
45636 751
45703 780
45769 808
45836 830
45902 848
45968 864
46036 877
46102 883
46169 890
46235 887
46301 881
46368 871
46434 858
46501 840
46567 819
46633 796
46700 768
46766 738
46832 704
46899 667
46965 628
47033 598
47099 551
47166 510
47232 469
47298 427
47365 385
47431 349
47497 302
47564 270
47630 234
47697 205
47763 172
47829 146
47896 124
47962 102
48030 86
48096 73
48162 63
48229 57
48295 58
48362 63
48428 72
48494 87
48561 104
48627 125
48693 148
48760 175
48826 207
48893 239
48959 275
49026 300
49093 353
49159 391
49226 434
49292 479
49358 516
49425 558
49491 597
49558 638
49624 695
49690 709
49757 740
49823 801
49889 798
49956 843
50023 845
50090 862
50156 872
50222 906
50289 887
50355 888
50422 883
50488 875
50554 879
50621 842
50687 836
50754 802
50820 777
50886 746
50953 712
51020 677
51087 643
51153 600
51219 563
51286 520
51352 479
51418 436
51485 396
51551 358
51618 316
51684 281
51750 243
51817 211
51883 178
51950 152
52017 128
52083 107
52150 90
52216 74
52283 55
52349 62
52415 44
52482 53
52548 70
52614 80
52681 100
52747 120
52814 139
52880 172
52946 198
53014 233
53080 262
53147 303
53213 338
53279 382
53346 426
53412 464
53479 506
53545 548
53611 588
53678 627
53744 664
53810 700
53877 735
53943 764
54011 794
54077 818
54144 840
54210 859
54276 872
54343 880
54409 888
54475 891
54542 886
54608 877
54675 866
54741 850
54807 831
54874 845
54940 783
55008 741
55074 721
55140 683
55207 649
55273 617
55340 584
55406 533
55472 491
55539 447
55605 407
55671 366
55738 327
55804 290
55871 252
55937 218
56004 187
56071 159
56137 132
56204 108
56270 93
56336 78
56403 68
56469 59
56536 54
56602 59
56668 68
56735 80
56801 95
56867 113
56934 135
57001 162
57068 194
57134 222
57200 257
57267 292
57333 333
57400 367
57466 411
57532 451
57599 498
57665 539
57732 545
57798 616
57864 675
57931 691
57998 749
58065 758
58131 763
58197 783
58264 838
58330 856
58396 866
58463 894
58529 890
58596 893
58662 887
58728 880
58795 868
58861 851
58928 839
58995 815
59061 786
59128 760
59194 729
59261 695
59327 659
59393 620
59460 581
59526 542
59592 501
59659 454
59725 417
59792 377
59858 337
59924 299
59992 262
60058 227
60125 195
60191 166
60257 154
60324 117
60390 93
60457 82
60523 66
60589 62
60656 55
60722 52
60788 66
60855 19
60921 90
60989 106
61055 133
61122 203
61188 171
61254 214
61321 285
61387 285
61453 321
61520 361
61586 404
61653 443
61719 486
61785 527
61852 572
61918 605
61984 645
62052 681
62118 717
62185 750
62251 780
62318 806
62384 830
62450 849
62517 864
62583 876
62649 890
62716 890
62782 887
62849 883
62915 872
62981 865
63049 841
63115 818
63182 796
63248 764
63314 736
63381 699
63447 675
63514 595
63580 586
63646 552
63713 509
63779 469
63845 414
63912 387
63978 349
64046 307
64112 269
64179 226
64245 204
64311 172
64378 145
64444 122
64510 102
64577 85
64643 72
64710 63
64776 57
64842 57
64909 64
64975 72
65043 65
65109 105
65175 127
65242 148
65308 175
65375 204
65441 240
65507 262
65574 312
65640 345
65706 390
65773 432
65839 472
65906 510
65972 552
66039 602
66106 626
66172 674
66239 728
66305 741
66371 774
66438 796
66504 824
66571 859
66637 861
66703 873
66770 883
66836 886
66902 889
66969 883
67036 875
67103 862
67169 845
67235 826
67302 802
67368 776
67435 746
67501 712
67567 679
67634 641
67700 602
67767 562
67833 519
67899 473
67966 439
68033 395
68100 356
68166 315
68232 281
68299 245
68365 207
68431 180
68498 148
68564 129
68631 102
68697 87
68763 75
68830 49
68896 62
68963 53
69030 63
69096 72
69163 83
69229 100
69296 119
69362 145
69428 167
69495 197
69561 229
69627 270
69694 294
69760 340
69827 377
69893 421
69959 462
70027 505
70093 552
70160 587
70226 626
70292 664
70359 699
70425 733
70492 762
70558 793
70624 817
70691 839
70757 857
70823 871
70890 881
70956 885
71024 908
71090 885
71157 876
71223 863
71289 846
71356 812
71422 809
71488 780
71555 754
71621 722
71688 676
71754 650
71820 611
71887 554
71953 530
72021 491
72087 445
72153 406
72220 366
72286 328
72353 292
72419 254
72485 217
72552 186
72618 159
72684 134
72751 112
72817 93
72884 79
72950 67
73017 60
73084 54
73150 59
73217 67
73283 79
73349 94
73416 110
73482 134
73549 161
73615 190
73681 223
73748 255
73814 289
73880 327
73947 370
74014 403
74081 452
74147 495
74213 531
74280 579
74346 639
74413 655
74479 689
74545 726
74612 757
74678 809
74745 812
74811 839
74877 855
74944 867
75011 878
75078 883
75144 891
75210 885
75277 880
75343 870
75409 854
75476 838
75542 814
75609 790
75675 760
75741 729
75808 696
75874 660
75941 623
76008 582
76074 543
76141 502
76207 459
76274 421
76340 376
76406 350
76473 301
76539 263
76605 228
76672 196
76738 166
76805 139
76871 115
76937 108
77005 79
77071 66
77138 64
77204 22
77270 59
77337 81
77403 76
77470 91
77536 108
77602 128
77669 154
77735 183
77801 214
77868 247
77934 285
78002 313
78068 360
78135 399
78201 441
78267 483
78334 526
78400 567
78466 606
78533 644
78599 681
78666 718
78732 749
78798 778
78865 804
78931 828
78999 849
79065 864
79131 907
79198 884
79264 893
79331 890
79397 880
79463 886
79530 859
79596 843
79662 824
79729 795
79795 769
79862 740
79928 706
79995 670
80062 638
80128 593
80195 537
80261 513
80327 469
80394 426
80460 384
80527 348
80593 308
80659 272
80726 236
80792 204
80858 174
80925 147
80992 123
81059 103
81125 86
81191 74
81258 63
81324 57
81391 56
81457 61
81523 115
81590 86
81656 123
81723 122
81789 148
81855 175
81922 205
81989 238
82056 275
82122 313
82188 355
82255 390
82321 435
82387 480
82454 534
82520 556
82587 599
82653 634
82719 597
82786 708
82852 744
82919 771
82985 802
83052 843
83119 845
83185 857
83252 875
83318 882
83384 889
83451 891
83517 883
83583 874
83650 863
83716 847
83783 828
83849 804
83915 787
83982 747
84049 711
84116 678
84182 640
84248 602
84315 563
84381 528
84448 480
84514 489
84580 397
84647 358
84713 318
84779 281
84846 249
84912 213
84979 191
85046 154
85113 123
85179 105
85245 88
85312 75
85378 61
85444 76
85511 58
85577 0
85644 72
85710 82
85776 99
85843 117
85909 141
85975 167
86043 196
86109 231
86176 265
86242 302
86309 339
86375 379
86441 420
86508 464
86574 505
86640 545
86707 595
86773 623
86840 662
86906 696
86972 732
87040 761
87106 793
87173 818
87239 839
87305 856
87372 889
87438 880
87505 906
87571 889
87637 886
87704 880
87770 865
87836 851
87903 827
87969 809
88037 780
88103 752
88169 722
88236 685
88302 641
88369 614
88435 571
88501 534
88568 490
88634 450
88701 409
88767 369
88833 330
88900 292
88966 255
89034 221
89100 196
89166 160
89233 134
89299 114
89365 95
89432 79
89498 68
89565 60
89631 54
89697 60
89764 69
89830 79
89897 92
89963 112
90030 138
90097 161
90163 186
90230 222
90296 263
90362 290
90429 330
90495 370
90561 418
90628 452
90694 511
90761 535
90827 567
90893 614
90960 655
91027 689
91094 722
91160 756
91226 786
91293 811
91359 832
91426 849
91492 867
91558 879
91625 886
91691 892
91757 886
91824 880
91890 870
91957 856
92024 837
92091 815
92157 792
92223 762
92290 738
92356 696
92422 661
92489 624
92555 584
92622 544
92688 499
92754 459
92821 431
92887 379
92953 340
93021 289
93087 291
93154 227
93220 220
93287 167
93353 144
93419 117
93486 101
93552 105
93618 67
93685 75
93751 56
93818 62
93884 65
93950 75
94018 87
94084 106
94151 129
94217 154
94283 181
94350 212
94416 246
94483 283
94549 320
94615 359
94682 399
94748 439
94814 483
94881 524
94947 565
95015 606
95081 644
95147 630
95214 715
95280 739
95347 789
95413 806
95479 827
95546 847
95612 854
95679 879
95745 883
95811 890
95878 909
95944 880
96012 873
96078 861
96144 841
96211 822
96277 798
96343 762
96410 741
96476 690
96543 670
96609 633
96675 596
96742 554
96808 513
96875 471
96941 430
97008 388
97075 346
97141 310
97208 274
97274 239
97340 205
97407 175
97473 147
97539 123
97606 105
97672 87
97739 72
97805 64
97871 66
97938 56
98005 47
98072 72
98138 86
98204 103
98271 145
98337 152
98404 173
98470 230
98536 238
98603 273
98669 310
98735 349
98802 374
98868 430
98935 472
99002 513
99069 573
99135 596
99201 578
99268 672
99334 705
99400 740
99467 770
99533 799
99600 822
99666 843
99732 859
99799 873
99865 882
99931 888
99999 888
100065 885
100132 876
100198 862
100265 846
100331 827
100397 804
100464 777
100530 736
100596 714
100663 696
100729 640
100796 605
100862 566
100928 523
100996 478
101062 440
101129 395
101195 357
101261 304
101328 289
101394 245
101461 219
101527 182
101593 153
101660 130
101726 110
101792 90
101859 76
101925 65
101993 60
102059 39
102125 63
102192 72
102258 82
102325 99
102391 118
102457 136
102524 166
102590 195
102657 228
102723 263
102789 299
102856 338
102922 378
102990 420
103056 461
103122 503
103189 544
103255 585
103321 624
103388 668
103454 699
103521 730
103587 767
103653 777
103720 820
103786 838
103853 856
103919 870
103985 901
104053 884
104119 892
104186 873
104252 880
104318 890
104385 852
104451 834
104517 807
104584 787
104650 755
104717 720
104783 688
104849 652
104916 614
104982 575
105049 533
105116 493
105182 453
105249 410
105315 367
105381 330
105448 292
105514 255
105580 222
105647 190
105713 159
105780 136
105846 133
105912 98
105979 78
106046 67
106113 70
106179 54
106245 57
106312 67
106378 64
106444 87
106511 113
106577 130
106644 158
106710 187
106776 220
106843 254
106909 291
106976 331
107043 368
107109 409
107176 447
107242 491
107309 532
107375 572
107441 613
107508 652
107574 687
107640 722
107707 757
107773 784
107840 811
107906 832
107972 852
108040 867
108106 879
108173 886
108239 890
108305 887
108372 880
108438 870
108505 842
108571 837
108637 830
108704 792
108770 763
108836 730
108903 698
108969 683
109037 619
109103 611
109170 545
109236 493
109302 458
109369 421
109435 375
109501 341
109568 304
109634 270
109701 229
109767 198
109833 167
109900 141
109966 119
110034 99
110100 83
110166 70
110233 61
110299 56
110366 58
110432 64
110498 75
110565 93
110631 107
110697 127
110764 152
110830 180
110897 212
110963 242
111030 279
111097 317
111163 350
111230 399
111296 439
111362 476
111429 522
111495 560
111562 603
111628 647
111694 678
111761 715
111827 748
111893 779
111960 804
112027 827
112094 863
112160 862
112226 843
112293 884
112359 889
112426 899
112492 882
112558 842
112625 859
112691 845
112758 822
112824 798
112890 772
112957 740
113024 706
113091 671
113157 633
113223 595
113290 556
113356 515
113422 473
113489 431
113555 389
113622 349
113688 311
113754 273
113821 239
113887 179
113954 173
114021 155
114087 121
114154 96
114220 85
114287 98
114353 64
114419 58
114486 55
114552 62
114618 67
114685 78
114751 102
114818 111
114884 147
114950 175
115018 204
115084 236
115151 270
115217 308
115283 348
115350 388
115416 428
115483 468
115549 514
115615 554
115682 595
115748 632
115814 673
115881 704
115947 738
116015 770
116081 797
116148 821
116214 842
116280 846
116347 873
116413 898
116479 887
116546 889
116612 884
116679 876
116745 865
116811 850
116878 828
116944 803
117012 781
117078 747
117144 722
117211 732
117277 642
117344 577
117410 565
117476 539
117543 484
117609 443
117675 395
117742 361
117808 321
117875 288
117941 246
118008 213
118075 185
118141 154
118208 131
118274 109
118340 89
118407 75
118473 66
118540 59
118606 55
118672 57
118739 68
118805 81
118871 96
118938 117
119005 139
119072 166
119138 197
119204 228
119271 260
119337 298
119404 331
119470 377
119536 414
119603 461
119669 502
119736 543
119802 583
119868 626
119935 662
120002 691
120069 749
120135 766
120201 782
120268 816
120334 837
120400 855
120467 873
120533 880
120600 885
120666 891
120732 885
120799 879
120865 868
120932 851
120999 833
121065 809
121132 783
121198 758
121265 723
121331 690
121397 653
121464 616
121530 576
121596 537
121663 495
121729 453
121796 411
121862 370
121928 331
121996 288
122062 257
122129 223
122195 188
122261 161
122328 136
122394 85
122461 93
122527 78
122593 35
122660 62
122726 58
122792 60
122859 66
122925 98
122993 92
123059 96
123126 133
123192 132
123258 187
123325 219
123391 254
123457 288
123524 328
123590 369
123657 407
123723 450
123789 490
123856 533
123922 571
123990 613
124056 651
124122 688
124189 720
124255 755
124322 784
124388 810
124454 832
124521 862
124587 867
124653 888
124720 885
124786 889
124853 884
124919 881
124985 879
125053 855
125119 829
125186 818
125252 802
125318 760
125385 728
125451 692
125517 665
125584 618
125650 586
125717 546
125783 505
125849 459
125916 421
125982 381
126049 343
126116 301
126182 267
126249 232
126315 198
126381 169
126448 141
126514 120
126580 100
126647 84
126713 71
126780 62
126846 56
126912 61
126979 65
127046 76
127113 88
127179 107
127245 122
127312 150
127378 164
127444 210
127511 218
127577 284
127644 294
127710 357
127776 395
127843 437
127909 484
127976 518
128043 563
128109 597
128176 639
128242 682
128309 706
128375 747
128441 775
128508 805
128574 830
128640 847
128707 867
128773 876
128840 884
128906 889
128972 889
129040 883
129106 874
129173 859
129239 842
129305 824
129372 798
129438 769
129505 742
129571 707
129637 672
129704 634
129770 596
129836 556
129903 519
129969 423
130037 456
130103 391
130170 351
130236 315
130302 274
130369 241
130435 207
130501 177
130568 148
130634 122
130701 96
130767 89
130833 76
130900 67
130966 58
131034 54
131100 62
131166 71
131233 84
131299 99
131366 120
131432 145
131498 172
131565 204
131631 235
131697 269
131764 308
131830 346
131897 386
131963 426
132030 469
132097 513
132163 552
132230 592
132296 634
132362 670
132429 704
132495 738
132562 768
132628 815
132694 821
132761 842
132827 859
132893 938
132960 874
133027 893
133094 895
133160 905
133226 877
133293 866
133359 859
133426 836
133492 805
133558 770
133625 750
133691 711
133758 682
133824 645
133890 606
133957 568
134024 526
134091 484
134157 443
134223 403
134290 362
134356 320
134422 280
134489 250
134555 216
134622 198
134688 151
134754 130
134821 109
134887 92
134954 77
135021 66
135087 61
135154 55
135220 56
135287 69
135353 77
135419 97
135486 116
135552 141
135618 160
135685 194
135751 226
135818 262
135884 351
135950 351
136018 375
136084 418
