47 172
94 158
140 146
187 131
233 118
279 105
326 94
372 78
419 62
465 51
511 52
558 62
604 88
650 121
697 147
743 176
790 207
836 233
882 270
929 286
975 328
1023 360
1069 392
1115 422
1162 448
1208 485
1255 515
1301 547
1347 601
1394 662
1440 640
1486 672
1533 700
1579 733
1626 763
1672 793
1718 823
1765 853
1811 885
1857 913
1904 906
1950 892
1998 875
2044 859
2091 847
2137 822
2183 819
2230 806
2276 792
2322 773
2369 779
2415 746
2462 735
2508 721
2554 726
2601 692
2647 678
2693 661
2740 647
2786 620
2833 619
2879 605
2925 594
2972 595
3019 551
3066 547
3112 532
3158 518
3205 504
3251 488
3298 474
3344 466
3390 444
3437 429
3483 408
3529 402
3576 385
3622 373
3669 357
3715 344
3761 330
3808 316
3854 302
3901 288
3947 271
3994 266
4041 245
4087 239
4134 214
4180 202
4226 189
4273 176
4319 163
4365 148
4412 135
4458 121
4505 107
4551 91
4597 102
4644 96
4690 54
4737 40
4783 58
4829 79
4876 110
4922 143
4968 171
5016 201
5062 256
5109 282
5155 293
5201 323
5248 354
5294 386
5341 417
5387 448
5433 482
5480 511
5526 541
5572 573
5619 595
5665 635
5712 665
5758 696
5804 730
5851 757
5897 788
5944 819
5991 850
6037 878
6084 909
6130 906
6177 891
6223 878
6269 863
6316 849
6362 836
6408 824
6455 829
6501 795
6548 779
6594 766
6640 751
6687 738
6733 721
6780 709
6826 694
6872 681
6919 666
6965 650
7013 636
7059 622
7105 606
7152 595
7198 579
7244 563
7291 550
7337 538
7384 518
7430 506
7476 491
7523 477
7569 462
7616 448
7662 437
7708 419
7755 404
7801 389
7847 376
7894 361
7940 349
7988 331
8034 319
8081 327
8127 284
8173 275
8220 261
8266 251
8313 237
8359 218
8405 204
8452 188
8498 178
8544 151
8591 150
8637 137
8684 120
8730 109
8776 96
8823 82
8869 69
8915 55
8962 42
9009 54
9056 78
9102 109
9148 138
9195 168
9241 197
9288 229
9334 262
9380 287
9427 319
9473 349
9520 383
9566 412
9612 442
9659 473
9705 483
9751 544
9798 567
9844 597
9891 633
9937 683
9983 707
10030 722
10076 752
10123 782
10169 813
10215 843
10262 868
10308 903
10355 909
10401 893
10447 880
10494 870
10540 852
10586 833
10633 824
10679 792
10726 797
10772 782
10818 751
10865 757
10911 739
10957 726
11005 676
11051 697
11098 678
11144 683
11191 653
11237 639
11283 623
11330 609
11376 596
11422 581
11469 570
11515 554
11562 526
11608 521
11654 509
11701 494
11747 481
11793 466
11840 451
11886 436
11933 422
11979 407
12026 391
12073 385
12119 357
12166 350
12212 336
12258 320
12305 306
12351 292
12398 278
12444 261
12490 250
12537 219
12583 221
12629 208
12676 194
12722 182
12769 167
12815 128
12861 138
12908 120
12954 112
13002 98
13048 83
13094 72
13141 60
13187 44
13234 45
13280 74
13326 102
13373 133
13419 167
13465 191
13512 221
13558 253
13605 281
13651 314
13697 343
13744 374
13790 405
13836 437
13883 471
13929 500
13976 529
14023 561
14070 594
14116 624
14162 655
14209 686
14255 715
14301 747
14348 778
14394 777
14441 838
14487 867
14533 894
14580 912
14626 911
14672 882
14719 868
14765 857
14812 838
14858 828
14904 813
14951 799
14998 784
15045 772
15091 756
15137 743
15184 728
15230 712
15277 721
15323 685
15369 670
15416 655
15462 623
15508 627
15555 612
15601 599
15648 584
15694 568
15740 556
15787 542
15833 525
15880 512
15926 495
15972 481
16020 468
16066 448
16113 438
16159 424
16205 410
16252 392
16298 381
16344 367
16391 352
16437 353
16484 313
16530 308
16576 297
16623 280
16669 262
16715 252
16762 238
16808 224
16855 211
16901 197
16947 183
16995 168
17041 153
17088 163
17134 123
17180 113
17227 97
17273 87
17320 80
17366 62
17412 47
17459 31
17505 70
17551 98
17598 126
17644 152
17691 185
17737 217
17783 248
17830 275
17876 306
17923 338
17969 369
18016 400
18063 431
18109 458
18156 493
18202 525
18248 555
18295 585
18341 619
18387 649
18434 681
18480 711
18527 740
18573 772
18619 802
18666 833
18712 881
18759 911
18805 911
18851 899
18898 884
18944 864
18992 857
19038 843
19084 828
19131 815
19177 800
19223 786
19270 772
19316 757
19363 745
19409 726
19455 716
19502 701
19548 687
19595 673
19641 658
19687 638
19734 619
19780 615
19826 601
19873 587
19919 582
19966 557
20013 543
20059 529
20106 513
20152 508
20199 484
20245 470
20291 454
20338 446
20384 425
20430 414
20477 398
20523 385
20570 341
20616 355
20662 338
20709 327
20755 311
20802 281
20848 284
20894 272
20941 255
20988 241
21035 215
21081 212
21127 198
21174 185
21220 172
21266 154
21313 143
21359 132
21406 116
21452 97
21498 90
21545 83
21591 64
21638 50
21684 35
21730 61
21777 86
21823 121
21869 151
21916 180
21962 209
22010 258
22056 272
22102 301
22149 334
22195 364
22242 396
22288 426
22334 459
22381 487
22427 528
22474 550
22520 582
22566 614
22613 643
22659 676
22705 704
22752 744
22798 769
22845 786
22891 830
22937 856
22984 887
23031 916
23078 855
23124 887
23170 873
23217 860
23263 846
23310 830
23356 819
23402 807
23449 791
23495 775
23541 761
23588 748
23634 740
23681 718
23727 705
23773 687
23820 668
23866 721
23913 646
23959 632
24006 619
24053 602
24099 588
24146 574
24192 560
24238 545
24285 529
24331 524
24377 502
24424 487
24470 456
24517 469
24563 444
24609 389
24656 414
24702 410
24748 388
24795 371
24841 357
24888 343
24934 328
24980 313
25028 303
25074 288
25121 271
25167 257
25213 243
25260 226
25306 215
25353 202
25399 188
25445 160
25492 157
25538 145
25584 136
25631 117
25677 102
25724 92
25770 79
25816 62
25863 53
25909 38
25956 59
26003 89
26049 117
26096 138
26142 176
26189 206
26235 235
26281 264
26328 271
26374 330
26420 358
26467 389
26513 420
26560 456
26606 482
26652 515
26699 544
26745 577
26792 607
26838 640
26884 665
26931 700
26977 730
27025 761
27071 791
27117 823
27164 852
27210 883
27256 910
27303 903
27349 890
27396 875
27442 863
27488 848
27535 800
27581 821
27627 805
27674 792
27720 777
27767 767
27813 749
27859 737
27906 723
27952 707
28000 697
28046 676
28092 663
28139 650
28185 634
28232 621
28278 608
28324 591
28371 577
28417 561
28463 520
28510 542
28556 519
28603 504
28649 490
28695 475
28742 433
28788 446
28835 432
28881 414
28927 416
28974 386
29021 374
29068 360
29114 344
29160 332
29207 317
29253 302
29299 288
29346 270
29392 242
29439 246
29485 231
29531 214
29578 203
29624 188
29671 175
29717 163
29763 149
29810 126
29856 121
29902 99
29949 95
29996 81
30043 54
30089 54
30135 42
30182 53
30228 83
30275 113
30321 141
30367 166
30414 201
30460 232
30507 259
30553 296
30599 322
30646 352
30692 385
30738 412
30785 451
30831 477
30878 508
30924 539
30970 570
31018 604
31064 634
31111 663
31157 697
31203 726
31250 752
31296 786
31342 816
31389 843
31435 875
31482 907
31528 906
31574 894
31621 877
31667 864
31714 849
31760 838
31806 821
31853 809
31899 794
31945 780
31993 766
32039 751
32086 734
32132 723
32178 709
32225 695
32271 680
32318 666
32364 651
32410 635
32457 624
32503 608
32550 593
32596 580
32642 564
32689 550
32735 537
32781 522
32828 532
32874 492
32921 477
32967 460
33014 448
33061 409
33107 414
33154 406
33200 392
33246 377
33293 361
33339 348
33386 337
33432 319
33478 305
33525 271
33571 277
33617 256
33664 248
33710 220
33757 221
33803 206
33849 191
33896 178
33942 166
33990 150
34036 137
34082 124
34129 109
34175 97
34222 84
34268 87
34314 56
34361 44
34407 46
34453 78
34500 79
34546 135
34593 165
34639 195
34685 196
34732 259
34778 285
34824 316
34871 347
34917 398
34964 410
35011 441
35057 472
35104 503
35150 534
35197 565
35243 596
35289 629
35336 658
35382 690
35429 718
35475 750
35521 782
35568 813
35614 841
35660 844
35707 901
35753 908
35800 896
35846 881
35892 867
35939 854
35985 839
36033 824
36079 812
36125 818
36172 782
36218 768
36265 754
36311 735
36357 728
36404 710
36450 697
36496 680
36543 689
36589 654
36636 640
36682 622
36728 611
36775 594
36821 582
36867 566
36914 552
36960 557
37008 524
37054 509
37101 494
37147 474
37193 465
37240 451
37286 437
37332 423
37379 408
37425 395
37472 379
37518 345
37564 350
37611 335
37657 318
37703 306
37750 294
37796 279
37843 265
37889 252
37935 205
37982 208
38029 208
38076 192
38122 181
38168 166
38215 153
38261 138
38308 124
38354 118
38400 96
38447 86
38493 72
38539 61
38586 71
38632 46
38679 73
38725 101
38771 131
38818 158
38864 189
38911 219
38957 251
39004 281
39051 320
39097 342
39144 384
39190 404
39236 436
39283 468
39329 499
39375 523
39422 560
39468 592
39515 624
39561 654
39607 695
39654 716
39700 741
39747 775
39793 783
39839 835
39886 867
39932 895
39978 910
40026 895
40072 883
40119 868
40165 855
40211 841
40258 828
40304 814
40351 800
40397 788
40443 758
40490 758
40536 742
40582 731
40629 714
40675 762
40722 686
40768 670
40814 658
40861 642
40907 626
40954 614
41001 599
41047 584
41094 541
41140 554
41187 541
41233 525
41279 512
41326 559
41372 483
41418 419
41465 453
41511 439
41558 429
41604 408
41650 393
41697 380
41743 368
41790 354
41836 335
41882 319
41929 310
41975 295
42023 279
42069 265
42115 261
42162 239
42208 225
42254 212
42301 197
42347 182
42394 168
42440 156
42486 140
42533 126
42579 115
42626 107
42672 88
42718 105
42765 59
42811 49
42857 47
42904 68
42950 97
42998 125
43044 154
43090 183
43137 214
43183 244
43230 276
43276 306
43322 336
43369 368
43415 400
43462 431
43508 434
43554 492
43601 524
43647 554
43693 604
43740 594
43786 648
43833 678
43879 709
43925 740
43972 770
44019 801
44066 832
44112 861
44158 889
44205 921
44251 899
44297 884
44344 881
44390 857
44437 871
44483 830
44529 816
44576 818
44622 788
44669 771
44715 759
44761 745
44808 733
44854 714
44900 685
44947 689
44994 674
45041 655
45087 646
45133 626
45180 616
45226 601
45273 587
45319 586
45365 543
45412 544
45458 532
45505 516
45551 496
45597 486
45644 470
45690 456
45736 443
45783 430
45829 413
45876 399
45922 384
45968 345
46016 356
46062 341
46109 327
46155 310
46201 298
46248 283
46294 270
46341 259
46387 241
46433 228
46480 213
46526 206
46572 186
46619 169
46665 158
46712 142
46758 146
46804 118
46851 104
46897 88
46943 78
46991 29
47037 50
47084 37
47130 63
47177 92
47223 121
47269 150
47316 182
47362 209
47408 244
47455 270
47501 301
47548 331
47594 364
47640 397
47687 424
47733 424
47779 487
47826 456
47872 549
47919 579
47965 608
48012 646
48059 676
48105 703
48152 735
48198 765
48244 792
48291 825
48337 830
48384 903
48430 914
48476 901
48523 892
48569 874
48615 883
48662 846
48708 833
48755 816
48801 809
48847 789
48894 776
48940 762
48988 747
49035 731
49081 718
49127 705
49174 690
49220 676
49267 664
49313 647
49359 634
49406 618
49452 593
49498 587
49545 574
49591 560
49638 548
49684 533
49730 517
49777 503
49823 489
49870 474
49916 439
49962 443
50010 430
50056 415
50103 400
50149 389
50195 371
50242 358
50288 342
50334 339
50381 312
50427 301
50474 285
50520 272
50566 273
50613 243
50659 208
50705 215
50752 202
50798 187
50845 186
50891 181
50937 146
50984 133
51031 118
51078 106
51124 91
51170 84
51217 66
51263 51
51310 24
51356 62
51402 86
51449 120
51495 145
51541 173
51588 204
51634 235
51681 264
51727 296
51773 326
51820 357
51866 371
51913 419
51959 452
52006 483
52053 513
52099 545
52146 576
52192 607
52238 638
52285 668
52331 692
52377 730
52424 762
52470 790
52517 831
52563 850
52609 881
52656 911
52702 903
52749 894
52795 876
52841 862
52888 849
52934 834
52980 818
53028 806
53074 792
53121 781
53167 765
53213 751
53260 735
53306 720
53353 707
53399 754
53445 679
53492 664
53538 649
53584 625
53631 621
53677 606
53724 592
53770 577
53816 560
53863 548
53909 510
53956 519
54003 505
54049 557
54096 475
54142 470
54189 446
54235 432
54281 418
54328 404
54374 390
54420 374
54467 358
54513 347
54560 336
54606 317
54652 303
54699 287
54745 274
54792 255
54838 245
54884 233
54931 195
54977 204
55025 191
55071 175
55117 161
55164 149
55210 136
55256 118
55303 108
55349 95
55396 77
55442 67
55488 55
55535 41
55581 53
55628 82
55674 111
55720 140
55767 181
55813 201
55859 229
55906 260
55952 277
56000 318
56046 352
56092 306
56139 415
56185 446
56232 470
56278 508
56324 539
56371 571
56417 650
56464 632
56510 663
56556 693
56603 725
56649 750
56695 785
56742 816
56788 847
56835 868
56881 907
56927 906
56974 892
57021 879
57068 855
57114 841
57160 837
57207 823
57253 809
57299 761
57346 780
57392 766
57439 752
57485 738
57531 723
57578 710
57624 695
57671 681
57717 669
57763 653
57810 638
57856 607
57902 608
57949 596
57996 581
58043 562
58089 551
58135 536
58182 521
58228 508
58275 464
58321 478
58367 463
58414 449
58460 434
58507 420
58553 405
58599 392
58646 376
58692 386
58738 347
58785 333
58831 319
58878 305
58924 270
58970 276
59018 262
59064 250
59111 234
59157 222
59203 206
59250 191
59296 180
59343 165
59389 153
59435 166
59482 120
59528 110
59574 94
59621 84
59667 68
59714 57
59760 44
59806 51
59853 78
59899 125
59945 135
59993 164
60039 195
60086 225
60132 253
60179 285
60225 316
60271 345
60318 375
60364 413
60410 439
60457 471
60503 504
60550 524
60596 566
60642 596
60689 627
60735 658
60781 687
60828 719
60874 741
60921 780
60967 807
61014 840
61061 871
61107 924
61154 908
61200 894
61246 879
61293 869
61339 852
61386 839
61432 826
61478 812
61525 792
61571 783
61617 768
61664 756
61710 743
61757 712
61803 713
61849 697
61896 685
61942 638
61990 643
62036 640
62082 622
62129 611
62175 596
62222 582
62268 568
62314 554
62361 539
62407 533
62453 510
62500 495
62546 480
62593 468
62639 453
62685 437
62732 426
62778 408
62824 393
62871 380
62917 363
62964 351
63011 336
63058 321
63104 307
63150 293
63197 279
63243 264
63289 251
63336 236
63382 231
63429 208
63475 194
63521 181
63568 169
63614 156
63660 140
63707 126
63753 113
63800 84
63846 85
63892 74
63939 60
63985 44
64033 7
64079 73
64125 101
64172 130
64218 160
64265 190
64311 218
64357 248
64404 280
64450 313
64496 341
64543 382
64589 405
64636 434
64682 466
64728 495
64775 504
64821 559
64867 590
64914 624
64960 652
65008 661
65054 714
65101 745
65147 779
65193 805
65240 837
65286 865
65332 897
65379 911
65425 897
65472 883
65518 869
65564 853
65611 841
65657 808
65703 814
65750 800
65796 784
65843 768
65889 814
65935 743
65982 721
66029 714
66076 695
66122 686
66168 672
66215 657
66261 642
66308 629
66354 615
66400 598
66447 583
66493 570
66539 554
66586 542
66632 528
66679 512
66725 497
66771 481
66818 472
66864 456
66911 439
66957 426
67004 413
67051 401
67097 381
67144 367
67190 352
67236 339
67283 324
67329 308
67375 296
67422 281
67468 268
67515 253
67561 238
67607 225
67654 213
67700 198
67747 184
67793 169
67839 157
67886 143
67932 126
67978 117
68026 102
68072 87
68119 74
68165 61
68211 48
68258 34
68304 67
68351 95
68397 126
68443 119
68490 177
68536 214
68582 237
68629 274
68675 301
68722 335
68768 372
68814 397
68861 428
68907 431
68954 491
69001 523
69047 554
69094 593
69140 626
69187 647
69233 673
69279 709
69326 739
69372 767
69418 799
69465 833
69511 858
69558 882
69604 919
69650 900
69697 887
69743 872
69790 857
69836 844
69882 826
69929 815
69975 802
70023 789
70069 773
70115 761
70162 746
70208 731
70254 718
70301 701
70347 688
70394 673
70440 722
70486 644
70533 632
70579 615
70626 602
70672 587
70718 563
70765 579
70811 544
70857 529
70904 512
70950 490
70998 480
71044 471
71090 458
71137 442
71183 428
71230 416
71276 398
71322 385
71369 371
71415 355
71462 341
71508 326
71554 313
71601 299
71647 283
71693 270
71740 249
71786 242
71833 228
71879 213
71925 199
71972 186
72019 172
72066 155
72112 143
72158 130
72205 117
72251 105
72297 91
72344 92
72390 80
72437 51
72483 37
72529 59
72576 91
72622 122
72669 149
72715 179
72761 208
72808 228
72854 266
72900 299
72947 331
72994 358
73041 399
73087 424
73133 455
73180 486
73226 546
73273 546
73319 578
73365 611
73412 641
73458 668
73505 703
73551 734
73597 764
73644 795
73690 826
73736 852
73783 881
73829 915
73876 902
73922 890
73968 875
74016 864
74062 846
74109 833
74155 818
74201 804
74248 792
74294 776
74341 762
74387 748
74433 730
74480 723
74526 706
74572 687
74619 679
74665 642
74712 648
74758 633
74804 619
74851 605
74897 588
74943 575
74991 561
75037 549
75084 524
75130 516
75177 503
75223 488
75269 477
75316 450
75362 447
75408 427
75455 416
75501 401
75548 389
75594 372
75640 380
75687 345
75733 329
75779 314
75826 315
75872 288
75919 272
75965 259
76012 244
76059 226
76105 215
76152 202
76198 189
76244 174
76291 164
76337 146
76384 133
76430 122
76476 108
76523 105
76569 79
76615 66
76662 52
76708 24
76755 53
76801 84
76847 114
76894 143
76940 175
76988 199
77035 233
77081 265
77127 298
77174 326
77220 357
77267 359
77313 418
77359 450
77406 484
77452 513
77498 543
77545 572
77591 629
77638 635
77684 668
77730 700
77777 729
77823 765
77870 789
77916 827
77962 851
78010 881
78056 912
78103 904
78149 885
78195 876
78242 858
78288 848
78334 834
78381 798
78427 806
78474 793
78520 775
78566 782
78613 729
78659 735
78705 722
78752 708
78798 699
78845 678
78891 674
78937 650
78984 637
79031 611
79078 606
79124 592
79170 578
79217 563
79263 549
79310 551
79356 501
79402 505
79449 492
79495 473
79541 463
79588 447
79634 432
79681 415
79727 403
79773 411
79820 375
79866 360
79913 345
79959 319
80006 323
80053 302
80099 290
80146 274
80192 260
80238 253
80285 232
80331 218
80377 203
80424 186
80470 177
80517 162
80563 146
80609 135
80656 125
80702 108
80749 96
80795 80
80841 56
80888 55
80934 42
80980 39
81028 84
81074 138
81121 140
81167 169
81213 198
81260 226
81306 261
81353 290
81399 321
81445 350
81492 382
81538 411
81584 445
81631 493
81677 507
81724 538
81770 569
81816 601
81863 631
81909 662
81956 693
82003 723
82049 753
82096 786
82142 799
82189 846
82235 877
82281 922
82328 907
82374 892
82420 878
82467 841
82513 847
82560 836
82606 826
82652 809
82699 793
82745 782
82792 767
82838 753
82884 738
82931 724
82977 710
83025 695
83071 682
83117 667
83164 652
83210 638
83256 623
83303 610
83349 593
83396 578
83442 556
83488 574
83535 537
83581 522
83628 512
83674 480
83720 477
83767 464
83813 447
83859 435
83906 408
83952 406
84000 391
84046 377
84092 357
84139 350
84185 334
84232 320
84278 304
84324 310
84371 277
84417 269
84464 249
84510 234
84556 223
84603 207
84649 194
84695 180
84742 166
84788 153
84835 138
84881 125
84927 111
84974 97
85021 83
85068 70
85114 54
85160 45
85207 59
85253 73
85299 105
85346 134
85392 165
85439 194
85485 223
85531 252
85578 284
85624 316
85671 346
85717 397
85763 408
85810 438
85856 469
85902 499
85949 535
85996 564
86043 593
86089 627
86135 657
86182 688
86228 721
86275 749
86321 779
86367 809
86414 794
86460 871
86507 902
86553 911
86599 895
86646 878
86692 868
86738 836
86785 839
86831 826
86878 811
86924 791
86970 784
87018 770
87064 754
87111 741
87157 722
87203 712
87250 699
87296 680
87343 670
87389 650
87435 640
87482 627
87528 609
87574 591
87621 621
87667 568
87714 555
87760 540
87806 533
87853 512
87899 496
87945 481
87993 466
88039 443
88086 438
88132 422
88179 409
88225 396
88271 380
88318 371
88364 357
88410 337
88457 284
88503 308
88550 276
88596 279
88642 264
88689 250
88735 238
88781 202
88828 209
88874 194
88921 179
88967 167
89014 147
89061 139
89107 127
89154 113
89200 99
89246 104
89293 73
89339 61
89386 46
89432 33
89478 72
89525 99
89571 129
89617 158
89664 175
89710 218
89757 248
89803 279
89849 309
89896 340
89942 371
89990 403
90036 433
90082 436
90129 499
90175 527
90222 558
90268 590
90314 623
90361 650
90407 681
90453 713
90500 744
90546 775
90593 804
90639 831
90685 864
90732 893
90778 912
90824 900
90871 883
90917 870
90964 856
91011 841
91058 827
91104 813
91150 799
91197 787
91243 771
91289 764
91336 744
91382 704
91429 714
91475 700
91521 685
91568 672
91614 659
91660 645
91707 643
91753 610
91800 599
91846 585
91892 570
91939 557
91985 540
92033 527
92079 512
92125 500
92172 483
92218 469
92265 455
92311 435
92357 425
92404 412
92450 405
92496 374
92543 368
92589 354
92636 340
92682 313
92728 314
92775 296
92821 283
92867 269
92914 248
92960 240
93008 225
93054 212
93101 197
93147 183
93193 170
93240 140
93286 143
93332 130
93379 118
93425 103
93472 88
93518 75
93564 48
93611 50
93657 36
93703 67
93750 95
93796 123
93843 154
93889 190
93935 212
93982 242
94029 274
94076 304
94122 308
94168 366
94215 397
94261 429
94308 464
94354 481
94400 522
94447 550
94493 586
94539 633
94586 646
94632 677
94679 708
94725 739
94771 769
94818 799
94864 830
94911 859
94957 889
95004 911
95051 900
95097 886
