5689 851
5706 847
5723 838
5739 823
5755 802
5772 792
5788 772
5805 756
5821 737
5837 722
5854 709
5870 691
5886 681
5903 664
5919 650
5936 636
5952 627
5968 629
5985 606
6001 583
6018 574
6034 560
6050 557
6067 547
6083 525
6099 517
6116 507
6132 496
6149 483
6165 485
6181 461
6198 450
6214 448
6230 427
6247 424
6263 418
6280 411
6296 399
6312 390
6329 383
6345 373
6362 366
6378 357
6394 350
6411 342
6427 334
6443 323
6460 310
6476 304
6493 278
6509 301
6525 291
6542 300
6558 272
6574 293
6591 268
6607 263
6624 257
6640 228
6656 232
6673 241
6689 230
6707 229
6723 223
6739 217
6756 213
6772 210
6789 203
6805 198
6821 195
6838 190
6854 183
6870 183
6887 177
6903 171
6920 168
6936 165
6952 159
6969 152
6985 101
7001 133
7018 145
7034 142
7051 131
7067 142
7083 133
7100 123
7116 123
7133 120
7149 133
7165 113
7182 107
7198 105
7214 103
7231 102
7247 99
7264 94
7280 92
7296 91
7313 90
7329 87
7345 85
7362 80
7378 76
7395 75
7411 71
7427 72
7444 70
7460 50
7477 65
7493 64
7509 60
7526 58
7542 58
7558 60
7575 77
7591 59
7608 49
7624 49
7640 75
7657 31
7673 91
7689 42
7707 38
7723 37
7740 36
7756 29
7773 30
7789 31
7805 31
7822 27
7838 28
7854 58
7871 10
7887 22
7904 15
7920 19
7936 19
7953 17
7969 20
7985 17
8002 2
8018 14
8035 14
8051 11
8067 14
8084 7
8100 59
8117 9
8133 4
8149 11
8166 9
8182 2
8198 1
8215 1
